pids,instantiation times,start times,finish times,total wait times,turnaround times,average queue lengths,response times,required cpu times,process sizes,turnaround times,throughput,average response time,average queue length
0,0,2,18,0,18,0.0,2,16,TINY,2,0.9093755828801814,10896.197,664
26,3,569,579,0,576,998.0,566,10,TINY,58,,,
40,4,866,876,0,872,997.0,862,10,TINY,88,,,
41,4,877,897,0,893,996.0,873,20,TINY,45,,,
54,5,1162,1181,0,1176,995.0,1157,19,TINY,62,,,
62,6,1336,1354,0,1348,994.0,1330,18,TINY,75,,,
78,7,1685,1699,0,1692,993.0,1678,14,TINY,121,,,
106,10,2294,2309,0,2299,992.0,2284,15,TINY,154,,,
202,21,4422,4441,0,4420,991.0,4401,19,TINY,233,,,
268,27,5872,5885,0,5858,990.0,5845,13,TINY,451,,,
339,35,7426,7446,0,7411,989.0,7391,20,TINY,371,,,
399,40,8745,8761,0,8721,988.0,8705,16,TINY,546,,,
434,42,9532,9552,0,9510,987.0,9490,20,TINY,476,,,
472,45,10367,10385,0,10340,986.0,10322,18,TINY,575,,,
480,45,10540,10552,0,10507,985.0,10495,12,TINY,876,,,
484,46,10619,10629,0,10583,984.0,10573,10,TINY,1059,,,
531,51,11642,11655,0,11604,983.0,11591,13,TINY,893,,,
583,56,12778,12797,0,12741,982.0,12722,19,TINY,671,,,
607,59,13304,13324,0,13265,981.0,13245,20,TINY,664,,,
670,65,14711,14731,0,14666,980.0,14646,20,TINY,734,,,
685,67,15040,15052,0,14985,979.0,14973,12,TINY,1249,,,
715,71,15691,15701,0,15630,978.0,15620,10,TINY,1563,,,
734,73,16098,16110,0,16037,977.0,16025,12,TINY,1337,,,
746,75,16353,16372,0,16297,976.0,16278,19,TINY,858,,,
773,78,16945,16964,0,16886,975.0,16867,19,TINY,889,,,
798,81,17493,17512,0,17431,974.0,17412,19,TINY,918,,,
814,82,17843,17853,0,17771,973.0,17761,10,TINY,1778,,,
832,84,18228,18239,0,18155,972.0,18144,11,TINY,1651,,,
839,85,18394,18414,0,18329,971.0,18309,20,TINY,917,,,
864,88,18943,18963,0,18875,970.0,18855,20,TINY,944,,,
874,88,19162,19180,0,19092,969.0,19074,18,TINY,1061,,,
895,90,19621,19634,0,19544,968.0,19531,13,TINY,1504,,,
935,94,20493,20513,0,20419,967.0,20399,20,TINY,1021,,,
17,2,371,22188,22381,22186,982.0,369,22,TINY,1009,,,
48,4,1030,22797,22319,22793,980.0,1026,34,TINY,671,,,
116,11,2508,24203,22242,24192,977.5,2497,39,TINY,621,,,
125,12,2706,24382,22240,24370,977.0,2694,22,TINY,1108,,,
145,14,3146,24804,22221,24790,976.5,3132,23,TINY,1078,,,
147,15,3190,24834,22203,24819,976.0,3175,27,TINY,920,,,
164,16,3564,25191,22189,25175,975.5,3548,24,TINY,1049,,,
200,20,4378,26002,22172,25982,975.0,4358,38,TINY,684,,,
278,29,6084,27673,22135,27644,973.5,6055,40,TINY,692,,,
307,32,6722,28308,22134,28276,973.0,6690,38,TINY,745,,,
311,32,6810,28383,22131,28351,972.5,6778,28,TINY,1013,,,
316,33,6920,28477,22118,28444,972.0,6887,25,TINY,1138,,,
363,37,7953,29475,22081,29438,971.0,7916,27,TINY,1091,,,
367,38,8041,29547,22067,29509,970.5,8003,25,TINY,1181,,,
411,40,9004,30480,22034,30440,969.5,8964,28,TINY,1088,,,
423,41,9290,30753,22021,30712,969.0,9249,28,TINY,1097,,,
477,45,10474,31886,21968,31841,967.5,10429,30,TINY,1062,,,
482,46,10575,31963,21944,31917,966.5,10529,30,TINY,1064,,,
499,47,10938,32312,21922,32265,965.5,10891,38,TINY,850,,,
620,60,13589,34906,21864,34846,963.5,13529,39,TINY,894,,,
627,61,13743,35047,21862,34986,963.0,13682,28,TINY,1250,,,
636,62,13941,35237,21849,35175,962.5,13879,33,TINY,1066,,,
661,64,14513,35805,21841,35741,962.0,14449,37,TINY,966,,,
684,67,15018,36278,21816,36211,961.0,14951,30,TINY,1208,,,
776,79,17009,38187,21728,38108,958.0,16930,36,TINY,1059,,,
790,80,17317,38481,21723,38401,957.5,17237,27,TINY,1423,,,
815,82,17854,38983,21678,38901,956.0,17772,37,TINY,1052,,,
901,91,19745,40771,21587,40680,953.0,19654,25,TINY,1628,,,
909,91,19921,40930,21571,40839,952.5,19830,24,TINY,1702,,,
945,95,20712,41686,21533,41591,951.5,20617,27,TINY,1541,,,
948,95,20778,41743,21519,41648,951.0,20683,32,TINY,1302,,,
958,97,20998,41955,21510,41858,950.5,20901,33,TINY,1269,,,
972,98,21306,42249,21502,42151,950.0,21208,27,TINY,1562,,,
87,8,1876,44476,44024,44468,963.0,1868,44,TINY,1011,,,
132,12,2860,45397,43947,45385,961.7,2848,58,SMALL,783,,,
177,18,3850,46313,43878,46295,960.3,3832,53,SMALL,874,,,
178,18,3872,46320,43870,46302,960.0,3854,46,TINY,1007,,,
180,18,3916,46361,43855,46343,959.7,3898,58,SMALL,800,,,
234,24,5124,47507,43810,47483,958.7,5100,41,TINY,1159,,,
267,27,5850,48225,43790,48198,958.3,5823,53,SMALL,910,,,
296,31,6480,48813,43746,48782,957.3,6449,55,SMALL,887,,,
298,31,6524,48856,43740,48825,957.0,6493,60,SMALL,814,,,
309,32,6766,49062,43717,49030,956.3,6734,47,TINY,1044,,,
326,34,7140,49388,43659,49354,955.3,7106,57,SMALL,866,,,
340,35,7447,49659,43634,49624,954.7,7412,46,TINY,1079,,,
377,38,8261,50411,43575,50373,953.7,8223,43,TINY,1172,,,
383,39,8393,50542,43557,50503,953.3,8354,60,SMALL,842,,,
391,39,8569,50714,43556,50675,953.0,8530,57,SMALL,890,,,
2,0,41,51168,53415,51168,817.0,41,73,SMALL,701,,,
451,43,9905,51950,43462,51907,951.0,9862,51,SMALL,1018,,,
494,47,10828,52784,43365,52737,949.0,10781,59,SMALL,894,,,
512,49,11224,53142,43341,53093,948.3,11175,45,TINY,1180,,,
513,49,11246,53151,43325,53102,948.0,11197,48,TINY,1107,,,
546,53,11964,53853,43298,53800,947.3,11911,59,SMALL,912,,,
614,60,13457,55300,43255,55240,946.3,13397,56,SMALL,987,,,
632,61,13853,55651,43206,55590,945.3,13792,60,SMALL,927,,,
635,62,13919,55706,43205,55644,945.0,13857,50,TINY,1113,,,
646,63,14183,55932,43172,55869,944.3,14120,45,TINY,1242,,,
672,66,14754,56446,43113,56380,943.3,14688,47,TINY,1200,,,
675,66,14820,56498,43099,56432,943.0,14754,47,TINY,1201,,,
677,66,14864,56529,43085,56463,942.7,14798,48,TINY,1177,,,
707,70,15515,57128,43037,57058,941.7,15445,44,TINY,1297,,,
780,79,17097,58605,42934,58526,939.7,17018,42,TINY,1394,,,
784,79,17185,58673,42915,58594,939.3,17106,41,TINY,1430,,,
796,80,17449,58909,42873,58829,938.7,17369,55,SMALL,1070,,,
807,81,17689,59114,42847,59033,938.0,17608,46,TINY,1284,,,
823,83,18030,59413,42799,59330,937.0,17947,52,SMALL,1141,,,
833,84,18240,59604,42778,59520,936.3,18156,54,SMALL,1103,,,
843,85,18481,59807,42750,59722,935.7,18396,44,TINY,1358,,,
850,85,18635,59949,42733,59864,935.3,18550,49,TINY,1222,,,
943,95,20668,61845,42602,61750,933.0,20573,43,TINY,1437,,,
955,96,20932,62045,42540,61949,932.0,20836,41,TINY,1511,,,
10,1,217,63100,65164,63099,947.8,216,80,SMALL,789,,,
18,2,393,63236,65141,63234,947.2,391,63,SMALL,1004,,,
83,8,1788,64494,65004,64486,945.2,1780,63,SMALL,1024,,,
127,12,2750,65367,64904,65355,944.0,2738,74,SMALL,884,,,
131,12,2838,65447,64897,65435,943.8,2826,73,SMALL,897,,,
134,12,2904,65477,64867,65465,943.2,2892,67,SMALL,978,,,
135,12,2926,65490,64853,65478,943.0,2914,72,SMALL,910,,,
213,22,4662,67037,64670,67015,940.8,4640,66,SMALL,1016,,,
219,22,4794,67167,64655,67145,940.5,4772,79,SMALL,850,,,
262,27,5740,68081,64631,68054,940.0,5713,71,SMALL,959,,,
276,28,6040,68327,64585,68299,939.2,6012,63,SMALL,1085,,,
291,31,6370,68619,64545,68588,938.8,6339,65,SMALL,1056,,,
297,31,6502,68719,64507,68688,938.2,6471,71,SMALL,968,,,
338,35,7404,69477,64365,69442,936.5,7369,69,SMALL,1007,,,
357,37,7821,69833,64310,69796,935.8,7784,63,SMALL,1108,,,
373,38,8173,70133,64248,70095,935.0,8135,73,SMALL,961,,,
388,39,8503,70411,64196,70372,934.2,8464,73,SMALL,964,,,
492,47,10784,72454,63953,72407,931.0,10737,78,SMALL,929,,,
507,48,11114,72737,63906,72689,930.2,11066,78,SMALL,932,,,
539,52,11810,73366,63845,73314,929.2,11758,72,SMALL,1019,,,
542,52,11876,73418,63836,73366,929.0,11824,67,SMALL,1096,,,
591,57,12952,74439,63780,74382,928.2,12895,68,SMALL,1094,,,
640,62,14029,75357,63614,75295,926.2,13967,75,SMALL,1004,,,
662,65,14535,75817,63564,75752,925.5,14470,79,SMALL,959,,,
673,66,14776,76004,63519,75938,924.8,14710,70,SMALL,1085,,,
716,71,15702,76807,63396,76736,923.0,15631,70,SMALL,1097,,,
743,74,16287,77370,63372,77296,922.5,16213,72,SMALL,1074,,,
782,79,17141,78129,63279,78050,921.2,17062,70,SMALL,1115,,,
805,81,17645,78545,63182,78464,920.0,17564,79,SMALL,994,,,
826,84,18096,78906,63103,78822,918.8,18012,68,SMALL,1160,,,
831,84,18206,79015,63090,78931,918.5,18122,80,SMALL,987,,,
876,88,19203,79864,62950,79776,916.5,19115,72,SMALL,1108,,,
904,91,19811,80421,62905,80330,915.8,19720,66,SMALL,1218,,,
910,91,19943,80520,62868,80429,915.2,19852,70,SMALL,1149,,,
940,94,20602,81152,62836,81058,914.8,20508,75,SMALL,1081,,,
942,95,20646,81185,62830,81090,914.5,20551,70,SMALL,1159,,,
947,95,20756,81237,62775,81142,913.8,20661,67,SMALL,1212,,,
956,96,20954,81372,62717,81276,913.0,20858,62,SMALL,1311,,,
957,97,20976,81374,62698,81277,912.8,20879,61,SMALL,1333,,,
977,98,21416,81761,62634,81663,912.0,21318,72,SMALL,1135,,,
990,100,21702,82043,62625,81943,911.8,21602,77,SMALL,1065,,,
34,3,734,82802,85516,82799,928.0,731,90,SMALL,920,,,
35,3,756,82816,85505,82813,927.8,753,93,SMALL,891,,,
67,6,1443,83406,85404,83400,926.6,1437,97,SMALL,860,,,
103,10,2228,84130,85341,84120,925.8,2218,99,SMALL,850,,,
111,11,2398,84272,85323,84261,925.4,2387,89,SMALL,947,,,
182,19,3982,85557,85025,85538,922.6,3963,88,SMALL,973,,,
184,19,4026,85586,85012,85567,922.4,4007,86,SMALL,995,,,
191,20,4180,85725,84997,85705,922.2,4160,86,SMALL,997,,,
198,20,4334,85862,84982,85842,922.0,4314,84,SMALL,1022,,,
201,21,4400,85889,84943,85868,921.6,4379,84,SMALL,1023,,,
220,22,4816,86238,84862,86216,920.8,4794,98,SMALL,880,,,
273,28,5974,87296,84779,87268,919.8,5946,81,SMALL,1078,,,
310,32,6788,87917,84583,87885,918.0,6756,84,SMALL,1047,,,
356,37,7799,88784,84435,88747,916.6,7762,88,SMALL,1009,,,
359,37,7865,88809,84400,88772,916.2,7828,82,SMALL,1083,,,
398,40,8723,89498,84227,89458,914.6,8683,86,SMALL,1041,,,
408,40,8938,89687,84195,89647,914.2,8898,92,SMALL,975,,,
415,41,9114,89818,84142,89777,913.6,9073,100,SMALL,898,,,
422,41,9268,89953,84141,89912,913.4,9227,82,SMALL,1097,,,
424,41,9312,89974,84100,89933,913.0,9271,100,SMALL,900,,,
438,42,9619,90246,84078,90204,912.6,9577,87,SMALL,1037,,,
452,43,9927,90512,84042,90469,912.2,9884,81,SMALL,1117,,,
533,51,11678,92023,83789,91972,909.6,11627,94,SMALL,979,,,
541,52,11854,92166,83760,92114,909.2,11802,90,SMALL,1024,,,
570,55,12492,92759,83705,92704,908.6,12437,100,SMALL,928,,,
595,58,13040,93250,83662,93192,908.0,12982,86,SMALL,1084,,,
600,58,13150,93346,83647,93288,907.8,13092,87,SMALL,1073,,,
601,58,13172,93367,83633,93309,907.6,13114,100,SMALL,934,,,
641,62,14051,94065,83457,94003,905.8,13989,95,SMALL,990,,,
644,63,14139,94148,83451,94085,905.6,14076,96,SMALL,981,,,
683,67,14996,94825,83271,94758,903.8,14929,96,SMALL,988,,,
720,71,15790,95518,83176,95447,902.6,15719,90,SMALL,1061,,,
729,72,15988,95699,83165,95627,902.4,15916,84,SMALL,1139,,,
757,76,16593,96242,83093,96166,901.6,16517,94,SMALL,1024,,,
842,85,18459,97734,82716,97649,897.8,18374,97,SMALL,1007,,,
889,90,19489,98653,82606,98563,896.6,19399,96,SMALL,1027,,,
890,90,19511,98666,82601,98576,896.4,19421,92,SMALL,1072,,,
949,95,20800,99691,82337,99596,893.8,20705,92,SMALL,1083,,,
987,99,21636,100379,82196,100280,892.4,21537,85,SMALL,1180,,,
993,100,21768,100472,82158,100372,892.0,21668,84,SMALL,1195,,,
996,100,21834,100532,82141,100432,891.8,21734,95,SMALL,1058,,,
12,1,261,100737,105258,100736,909.2,260,106,SMALL,951,,,
27,3,580,100992,105188,100989,908.5,577,112,SMALL,902,,,
51,4,1096,101393,105081,101389,907.5,1092,104,SMALL,975,,,
68,6,1465,101684,105003,101678,906.8,1459,104,SMALL,978,,,
76,7,1641,101852,104986,101845,906.7,1634,113,SMALL,902,,,
88,8,1898,102042,104919,102034,906.0,1890,113,SMALL,903,,,
105,10,2272,102382,104889,102372,905.7,2262,109,SMALL,940,,,
113,11,2442,102494,104839,102483,905.2,2431,101,SMALL,1015,,,
117,11,2530,102548,104797,102537,904.8,2519,109,SMALL,941,,,
123,12,2662,102665,104785,102653,904.7,2650,106,SMALL,969,,,
133,12,2882,102795,104682,102783,903.8,2870,119,SMALL,864,,,
159,16,3454,103269,104592,103253,903.0,3438,111,SMALL,931,,,
162,16,3520,103321,104582,103305,902.8,3504,107,SMALL,966,,,
172,17,3740,103517,104546,103500,902.5,3723,119,SMALL,870,,,
225,23,4926,104404,104260,104381,900.2,4903,106,SMALL,985,,,
228,23,4992,104458,104245,104435,900.0,4969,109,SMALL,959,,,
283,29,6194,105506,104087,105477,898.7,6165,113,SMALL,934,,,
290,30,6348,105651,104079,105621,898.5,6318,112,SMALL,944,,,
294,31,6436,105697,104048,105666,898.2,6405,101,SMALL,1047,,,
314,32,6876,105971,103874,105939,896.8,6844,109,SMALL,972,,,
327,34,7162,106198,103818,106164,896.3,7128,106,SMALL,1002,,,
341,35,7469,106424,103738,106389,895.7,7434,105,SMALL,1014,,,
355,37,7777,106720,103722,106683,895.5,7740,109,SMALL,979,,,
358,37,7843,106730,103666,106693,895.0,7806,109,SMALL,979,,,
400,40,8762,107424,103439,107384,893.2,8722,111,SMALL,968,,,
440,43,9663,108122,103232,108079,891.5,9620,115,SMALL,940,,,
460,44,10103,108506,103182,108462,891.0,10059,109,SMALL,996,,,
479,45,10518,108871,103129,108826,890.5,10473,112,SMALL,972,,,
505,48,11070,109293,103008,109245,889.3,11022,103,SMALL,1061,,,
524,50,11488,109639,102924,109589,888.7,11438,115,SMALL,953,,,
529,51,11598,109748,102918,109697,888.5,11547,120,SMALL,915,,,
538,52,11788,109900,102881,109848,888.0,11736,119,SMALL,924,,,
563,54,12338,110357,102791,110303,887.2,12284,116,SMALL,951,,,
594,57,13018,110957,102722,110900,886.5,12961,105,SMALL,1057,,,
605,58,13260,111124,102640,111066,885.8,13202,112,SMALL,992,,,
613,60,13435,111273,102610,111213,885.5,13375,116,SMALL,959,,,
622,61,13633,111408,102561,111347,885.0,13572,102,SMALL,1092,,,
626,61,13721,111487,102542,111426,884.8,13660,112,SMALL,995,,,
678,66,14886,112304,102204,112238,882.2,14820,102,SMALL,1101,,,
736,73,16133,113364,102016,113291,880.5,16060,103,SMALL,1100,,,
754,75,16527,113711,101956,113636,880.0,16452,116,SMALL,980,,,
761,76,16681,113837,101929,113761,879.7,16605,115,SMALL,990,,,
806,81,17667,114628,101729,114547,878.0,17586,120,SMALL,955,,,
869,88,19052,115742,101465,115654,875.7,18964,113,SMALL,1024,,,
900,91,19723,116301,101358,116210,874.7,19632,108,SMALL,1077,,,
912,92,19987,116475,101257,116383,873.8,19895,119,SMALL,979,,,
929,93,20361,116834,101255,116741,873.7,20268,106,SMALL,1102,,,
951,96,20844,117133,101065,117037,872.2,20748,112,SMALL,1045,,,
976,98,21394,117570,100946,117472,871.2,21296,118,SMALL,996,,,
988,99,21658,117783,100899,117684,870.7,21559,114,SMALL,1033,,,
6,0,129,117996,124319,117996,888.3,129,134,SMALL,881,,,
16,2,349,118155,124268,118153,887.9,347,124,SMALL,953,,,
21,2,459,118206,124207,118204,887.4,457,126,SMALL,939,,,
36,3,778,118429,124115,118426,886.7,775,122,SMALL,971,,,
39,4,844,118480,124096,118476,886.6,840,126,SMALL,941,,,
152,15,3300,120296,123451,120281,882.1,3285,131,SMALL,919,,,
153,15,3322,120298,123441,120283,882.0,3307,121,SMALL,995,,,
186,19,4070,120844,123223,120825,880.6,4051,137,SMALL,882,,,
190,20,4158,120922,123219,120902,880.4,4138,131,SMALL,923,,,
223,23,4882,121471,123035,121448,879.1,4859,140,SMALL,868,,,
253,26,5542,122063,122968,122037,878.6,5516,139,SMALL,878,,,
261,27,5718,122230,122966,122203,878.4,5691,132,SMALL,926,,,
274,28,5996,122412,122877,122384,877.7,5968,125,SMALL,980,,,
330,34,7228,123262,122487,123228,875.1,7194,133,SMALL,927,,,
382,39,8371,124107,122194,124068,873.1,8332,128,SMALL,970,,,
463,44,10169,125478,121769,125434,870.3,10125,126,SMALL,996,,,
469,45,10301,125590,121754,125545,870.1,10256,121,SMALL,1038,,,
471,45,10345,125628,121734,125583,870.0,10300,135,SMALL,931,,,
481,46,10553,125754,121652,125708,869.3,10507,135,SMALL,932,,,
506,48,11092,126155,121525,126107,868.3,11044,124,SMALL,1017,,,
537,52,11766,126669,121362,126617,867.1,11714,127,SMALL,997,,,
560,54,12272,127058,121238,127004,866.3,12218,134,SMALL,948,,,
561,54,12294,127078,121231,127024,866.1,12240,139,SMALL,914,,,
575,56,12602,127340,121185,127284,865.7,12546,139,SMALL,916,,,
592,57,12974,127662,121141,127605,865.3,12917,133,SMALL,960,,,
597,58,13084,127712,121089,127654,864.9,13026,125,SMALL,1022,,,
679,66,14908,128981,120525,128915,861.1,14842,134,SMALL,963,,,
699,69,15339,129351,120461,129282,860.6,15270,137,SMALL,944,,,
704,69,15449,129456,120457,129387,860.4,15380,136,SMALL,952,,,
711,70,15603,129569,120430,129499,860.1,15533,122,SMALL,1062,,,
756,76,16571,130355,120235,130279,858.7,16495,135,SMALL,966,,,
825,84,18074,131514,119892,131430,856.3,17990,134,SMALL,981,,,
846,85,18547,131829,119742,131744,855.1,18462,126,SMALL,1046,,,
861,87,18877,132122,119705,132035,854.9,18790,126,SMALL,1048,,,
870,88,19074,132256,119647,132168,854.4,18986,121,SMALL,1093,,,
894,90,19599,132686,119542,132596,853.7,19509,131,SMALL,1013,,,
906,91,19855,132849,119452,132758,853.0,19764,128,SMALL,1038,,,
923,93,20229,133155,119373,133062,852.4,20136,139,SMALL,958,,,
939,94,20580,133446,119328,133352,852.0,20486,124,SMALL,1076,,,
970,98,21262,133859,119047,133761,850.1,21164,136,SMALL,984,,,
980,98,21482,134000,118976,133902,849.6,21384,128,SMALL,1047,,,
985,99,21592,134092,118963,133993,849.4,21493,123,SMALL,1090,,,
30,3,646,134655,142747,134652,866.1,643,152,SMALL,886,,,
47,4,1008,134881,142618,134877,865.2,1004,145,SMALL,931,,,
49,4,1052,134884,142580,134880,865.0,1048,142,SMALL,950,,,
65,6,1399,135159,142500,135153,864.5,1393,150,SMALL,902,,,
75,7,1619,135326,142445,135319,864.1,1612,152,SMALL,891,,,
95,9,2052,135652,142333,135643,863.4,2043,157,SMALL,864,,,
107,10,2310,135833,142269,135823,862.9,2300,144,SMALL,944,,,
150,15,3256,136457,141944,136442,861.0,3241,147,SMALL,929,,,
155,15,3366,136508,141886,136493,860.6,3351,146,SMALL,935,,,
189,19,4136,137042,141651,137023,859.2,4117,145,SMALL,945,,,
195,20,4268,137120,141591,137100,858.9,4248,151,SMALL,908,,,
256,26,5608,138197,141319,138171,857.2,5582,160,SMALL,864,,,
275,28,6018,138464,141194,138436,856.4,5990,142,SMALL,975,,,
281,29,6150,138540,141131,138511,856.0,6121,149,SMALL,930,,,
284,29,6216,138581,141097,138552,855.8,6187,158,SMALL,877,,,
306,32,6700,138913,140962,138881,854.9,6668,141,SMALL,985,,,
313,32,6854,138975,140854,138943,854.2,6822,157,SMALL,885,,,
319,33,6986,139059,140806,139026,853.9,6953,157,SMALL,886,,,
371,38,8129,139876,140495,139838,852.0,8091,142,SMALL,985,,,
381,39,8349,140049,140432,140010,851.6,8310,158,SMALL,887,,,
386,39,8459,140111,140385,140072,851.2,8420,157,SMALL,893,,,
394,39,8635,140225,140337,140186,850.9,8596,143,SMALL,981,,,
410,40,8982,140487,140236,140447,850.2,8942,159,SMALL,884,,,
413,40,9048,140525,140212,140485,850.0,9008,155,SMALL,907,,,
419,41,9202,140632,140162,140591,849.6,9161,158,SMALL,890,,,
485,46,10630,141653,139765,141607,847.1,10584,148,SMALL,957,,,
509,48,11158,142043,139620,141995,846.2,11110,155,SMALL,917,,,
528,51,11576,142390,139548,142339,845.8,11525,156,SMALL,913,,,
530,51,11620,142408,139521,142357,845.5,11569,157,SMALL,907,,,
544,52,11920,142553,139371,142501,844.5,11868,152,SMALL,938,,,
547,53,11986,142590,139340,142537,844.2,11933,154,SMALL,926,,,
608,59,13325,143582,139006,143523,842.2,13266,141,SMALL,1018,,,
615,60,13479,143675,138942,143615,841.9,13419,144,SMALL,998,,,
638,62,13985,144012,138771,143950,840.9,13923,146,SMALL,986,,,
666,65,14623,144513,138624,144448,840.0,14558,156,SMALL,926,,,
705,70,15471,145099,138365,145029,838.4,15401,153,SMALL,948,,,
723,71,15856,145376,138258,145305,837.6,15785,152,SMALL,956,,,
752,75,16483,145887,138150,145812,836.9,16408,144,SMALL,1013,,,
758,76,16615,145934,138067,145858,836.4,16539,142,SMALL,1028,,,
779,79,17075,146312,137984,146233,835.9,16996,143,SMALL,1023,,,
794,80,17405,146537,137878,146457,835.2,17325,144,SMALL,1018,,,
822,83,18008,146987,137720,146904,834.2,17925,149,SMALL,986,,,
4,0,85,147139,160186,147139,833.3,85,179,SMALL,823,,,
851,86,18657,147394,137475,147308,832.6,18571,152,SMALL,970,,,
866,88,18986,147670,137423,147582,832.2,18898,151,SMALL,978,,,
881,89,19313,147910,137328,147821,831.6,19224,159,SMALL,930,,,
911,92,19965,148339,137114,148247,830.2,19873,150,SMALL,989,,,
937,94,20536,148815,137016,148721,829.6,20442,153,SMALL,973,,,
997,100,21856,149588,136480,149488,826.5,21756,142,SMALL,1053,,,
38,4,822,150086,162402,150082,844.0,818,173,SMALL,868,,,
137,13,2970,151491,161654,151478,840.0,2957,178,SMALL,851,,,
140,13,3036,151545,161651,151532,839.9,3023,169,SMALL,897,,,
142,14,3080,151575,161639,151561,839.8,3066,167,SMALL,908,,,
144,14,3124,151616,161625,151602,839.7,3110,178,SMALL,852,,,
181,19,3960,152152,161336,152133,838.1,3941,167,SMALL,911,,,
237,24,5190,152978,160928,152954,836.0,5166,171,SMALL,895,,,
280,29,6128,153679,160684,153650,834.7,6099,178,SMALL,864,,,
336,35,7360,154445,160219,154410,832.2,7325,177,SMALL,873,,,
401,40,8784,155333,159693,155293,829.4,8744,167,SMALL,930,,,
407,40,8916,155446,159679,155406,829.3,8876,162,SMALL,960,,,
426,41,9356,155660,159440,155619,828.1,9315,175,SMALL,890,,,
435,42,9553,155819,159413,155777,827.9,9511,164,SMALL,950,,,
456,44,10015,156183,159308,156139,827.3,9971,171,SMALL,914,,,
535,51,11722,157321,158735,157270,824.2,11671,175,SMALL,899,,,
580,56,12712,158017,158443,157961,822.7,12656,173,SMALL,914,,,
582,56,12756,158050,158435,157994,822.6,12700,170,SMALL,930,,,
598,58,13106,158268,158294,158210,821.8,13048,179,SMALL,884,,,
612,59,13413,158451,158183,158392,821.1,13354,166,SMALL,955,,,
647,63,14205,158893,157838,158830,819.3,14142,161,SMALL,987,,,
681,66,14952,159419,157599,159353,818.1,14886,179,SMALL,891,,,
686,67,15053,159458,157540,159391,817.7,14986,176,SMALL,906,,,
698,69,15317,159713,157535,159644,817.6,15248,172,SMALL,929,,,
708,70,15537,159825,157438,159755,817.0,15467,161,SMALL,993,,,
742,74,16265,160384,157262,160310,816.0,16191,168,SMALL,955,,,
765,77,16769,160695,157075,160618,815.0,16692,162,SMALL,992,,,
887,90,19445,162569,156272,162479,810.8,19355,163,SMALL,997,,,
50,4,1074,164683,182604,164679,823.3,1070,181,SMALL,910,,,
85,8,1832,165223,182376,165215,822.2,1824,191,SMALL,865,,,
114,11,2464,165652,182174,165641,821.2,2453,190,SMALL,872,,,
136,12,2948,165908,181943,165896,820.1,2936,193,SMALL,860,,,
148,15,3212,166031,181803,166016,819.4,3197,192,SMALL,865,,,
156,15,3388,166104,181706,166089,818.9,3373,186,SMALL,893,,,
192,20,4202,166573,181361,166553,817.4,4182,186,SMALL,896,,,
210,21,4596,166840,181238,166819,816.8,4575,182,SMALL,917,,,
222,23,4860,167023,181153,167000,816.4,4837,186,SMALL,898,,,
1,0,19,167268,193634,167268,759.7,19,202,LARGE,829,,,
244,25,5344,167398,181031,167373,815.7,5319,199,SMALL,842,,,
245,25,5366,167402,181029,167377,815.6,5341,183,SMALL,915,,,
246,25,5388,167414,181011,167389,815.5,5363,191,SMALL,877,,,
254,26,5564,167561,180979,167535,815.3,5538,194,SMALL,864,,,
258,26,5652,167616,180950,167590,815.1,5626,190,SMALL,883,,,
329,34,7206,168501,180287,168467,812.0,7172,184,SMALL,916,,,
343,35,7513,168663,180139,168628,811.3,7478,187,SMALL,902,,,
348,36,7623,168765,180125,168729,811.2,7587,193,SMALL,875,,,
366,38,8019,169023,179985,168985,810.5,7981,195,SMALL,867,,,
409,40,8960,169593,179610,169553,808.7,8920,199,SMALL,853,,,
430,42,9444,169850,179388,169808,807.6,9402,194,SMALL,876,,,
431,42,9466,169856,179381,169814,807.5,9424,185,SMALL,918,,,
432,42,9488,169875,179365,169833,807.4,9446,198,SMALL,858,,,
445,43,9773,170068,179275,170025,806.9,9730,196,SMALL,868,,,
475,45,10430,170545,179097,170500,806.0,10385,194,SMALL,879,,,
504,48,11048,170956,178890,170908,804.9,11000,194,SMALL,881,,,
521,50,11422,171185,178751,171135,804.2,11372,188,SMALL,911,,,
577,56,12646,171974,178306,171918,802.1,12590,198,SMALL,869,,,
585,56,12820,172064,178239,172008,801.7,12764,181,SMALL,951,,,
650,63,14271,172870,177582,172807,798.8,14208,193,SMALL,896,,,
658,64,14447,173048,177596,172984,798.7,14383,181,SMALL,956,,,
687,67,15075,173346,177256,173279,797.1,15008,191,SMALL,908,,,
697,69,15295,173555,177246,173486,797.0,15226,190,SMALL,914,,,
732,73,16054,174043,176982,173970,795.7,15981,183,SMALL,951,,,
741,74,16243,174179,176929,174105,795.4,16169,183,SMALL,952,,,
819,82,17942,175329,176378,175247,792.8,17860,185,SMALL,948,,,
835,85,18306,175509,176196,175424,791.9,18221,183,SMALL,959,,,
847,85,18569,175676,176091,175591,791.4,18484,192,SMALL,915,,,
878,88,19247,176152,175888,176064,790.4,19159,193,SMALL,913,,,
879,88,19269,176159,175880,176071,790.3,19181,186,SMALL,947,,,
899,90,19701,176453,175741,176363,789.6,19611,187,SMALL,944,,,
919,92,20141,176709,175551,176617,788.7,20049,193,SMALL,916,,,
925,93,20273,176806,175521,176713,788.5,20180,188,SMALL,940,,,
13,1,283,177933,204033,177932,804.6,282,204,LARGE,873,,,
14,1,305,177950,204016,177949,804.5,304,216,LARGE,824,,,
46,4,986,178344,203726,178340,803.2,982,219,LARGE,815,,,
59,5,1270,178488,203594,178483,802.5,1265,211,LARGE,846,,,
73,7,1575,178703,203499,178696,802.1,1568,216,LARGE,828,,,
82,8,1766,178819,203435,178811,801.7,1758,205,LARGE,873,,,
115,11,2486,179275,203161,179264,800.5,2475,215,LARGE,834,,,
185,19,4048,180076,202407,180057,797.5,4029,208,LARGE,866,,,
214,22,4684,180436,202132,180414,796.3,4662,207,LARGE,872,,,
224,23,4904,180557,202030,180534,795.8,4881,210,LARGE,860,,,
249,25,5454,180939,201865,180914,795.0,5429,207,LARGE,874,,,
293,31,6414,181475,201441,181444,793.2,6383,207,LARGE,877,,,
312,32,6832,181684,201229,181652,792.3,6800,210,LARGE,866,,,
317,33,6942,181722,201152,181689,791.9,6909,215,LARGE,846,,,
333,34,7294,181953,201036,181919,791.4,7260,210,LARGE,867,,,
369,38,8085,182402,200696,182364,789.9,8047,208,LARGE,877,,,
384,39,8415,182590,200551,182551,789.3,8376,211,LARGE,866,,,
461,44,10125,183567,199821,183523,786.2,10081,208,LARGE,883,,,
483,46,10597,183819,199600,183773,785.2,10551,209,LARGE,880,,,
490,47,10740,183920,199555,183873,784.9,10693,212,LARGE,868,,,
503,48,11026,184129,199480,184081,784.5,10978,210,LARGE,877,,,
510,48,11180,184154,199359,184106,784.0,11132,202,LARGE,912,,,
527,51,11554,184420,199252,184369,783.5,11503,201,LARGE,918,,,
545,52,11942,184549,198976,184497,782.4,11890,218,LARGE,847,,,
556,53,12184,184731,198929,184678,782.1,12131,205,LARGE,901,,,
568,55,12448,184925,198847,184870,781.7,12393,217,LARGE,852,,,
653,63,14337,186020,198054,185957,778.4,14274,216,LARGE,861,,,
682,66,14974,186385,197786,186319,777.2,14908,212,LARGE,879,,,
692,69,15185,186491,197676,186422,776.6,15116,217,LARGE,860,,,
703,69,15427,186663,197606,186594,776.3,15358,217,LARGE,860,,,
744,75,16309,187204,197270,187129,774.7,16234,212,LARGE,883,,,
824,83,18052,188382,196706,188299,772.3,17969,211,LARGE,893,,,
883,89,19357,189167,196183,189078,770.0,19268,214,LARGE,884,,,
902,91,19767,189399,196008,189308,769.2,19676,211,LARGE,898,,,
916,92,20075,189559,195866,189467,768.5,19983,205,LARGE,925,,,
19,2,415,190032,224699,190030,784.3,413,230,LARGE,827,,,
31,3,668,190202,224611,190199,783.9,665,235,LARGE,810,,,
53,5,1140,190387,224331,190382,782.8,1135,228,LARGE,836,,,
953,96,20888,190633,196129,190537,766.8,20792,203,LARGE,939,,,
981,98,21504,191044,195913,190946,765.9,21406,214,LARGE,893,,,
999,100,21900,191272,195752,191172,765.2,21800,207,LARGE,924,,,
70,7,1509,191387,224966,191380,781.9,1502,224,LARGE,855,,,
146,14,3168,192302,224214,192288,779.0,3154,232,LARGE,829,,,
157,16,3410,192382,224051,192366,778.3,3394,233,LARGE,826,,,
179,18,3894,192730,223911,192712,777.8,3876,237,LARGE,814,,,
196,20,4290,192846,223643,192826,776.8,4270,225,LARGE,858,,,
212,22,4640,193085,223519,193063,776.2,4618,238,LARGE,812,,,
239,24,5234,193434,223274,193410,775.2,5210,238,LARGE,813,,,
250,25,5476,193569,223183,193544,774.8,5451,222,LARGE,872,,,
257,26,5630,193654,223098,193628,774.4,5604,238,LARGE,814,,,
264,27,5784,193741,223029,193714,774.1,5757,240,LARGE,808,,,
272,28,5952,193853,222992,193825,773.8,5924,221,LARGE,878,,,
337,35,7382,194542,222246,194507,771.0,7347,226,LARGE,861,,,
350,36,7667,194685,222100,194649,770.4,7631,230,LARGE,847,,,
402,40,8806,195291,221566,195251,768.3,8766,231,LARGE,846,,,
437,42,9597,195668,221161,195626,766.8,9555,222,LARGE,882,,,
453,44,9949,195899,221032,195855,766.2,9905,230,LARGE,852,,,
457,44,10037,195957,220999,195913,766.1,9993,233,LARGE,841,,,
518,50,11356,196665,220398,196615,763.7,11306,223,LARGE,882,,,
550,53,12052,196961,219992,196908,762.1,11999,229,LARGE,860,,,
573,55,12558,197332,219848,197277,761.5,12503,238,LARGE,829,,,
593,57,12996,197580,219671,197523,760.8,12939,225,LARGE,878,,,
617,60,13523,197817,219370,197757,759.6,13463,236,LARGE,838,,,
623,61,13655,197918,219343,197857,759.3,13594,232,LARGE,853,,,
639,62,14007,198118,219202,198056,758.8,13945,221,LARGE,897,,,
656,63,14403,198335,219006,198272,758.1,14340,238,LARGE,834,,,
702,69,15405,198861,218529,198792,756.2,15336,239,LARGE,832,,,
714,71,15669,198981,218395,198910,755.6,15598,229,LARGE,869,,,
728,72,15966,199192,218306,199120,755.2,15894,232,LARGE,859,,,
766,77,16791,199661,217956,199584,753.8,16714,226,LARGE,884,,,
772,78,16923,199781,217941,199703,753.7,16845,229,LARGE,873,,,
834,84,18262,200603,217426,200519,751.6,18178,227,LARGE,884,,,
849,85,18613,200797,217259,200712,750.9,18528,237,LARGE,847,,,
885,89,19401,201301,216973,201212,749.8,19312,239,LARGE,842,,,
920,92,20163,201689,216605,201597,748.2,20071,233,LARGE,866,,,
961,97,21064,202742,216752,202645,746.3,20967,238,LARGE,852,,,
992,100,21746,203197,216529,203097,745.4,21646,234,LARGE,868,,,
995,100,21812,203221,216500,203121,745.2,21712,221,LARGE,920,,,
63,6,1355,203284,246493,203278,762.2,1349,258,LARGE,788,,,
77,7,1663,203423,246336,203416,761.6,1656,246,LARGE,827,,,
100,9,2162,203772,246174,203763,761.0,2153,258,LARGE,790,,,
110,11,2376,203895,246089,203884,760.6,2365,252,LARGE,810,,,
139,13,3014,204180,245728,204167,759.3,3001,260,LARGE,786,,,
151,15,3278,204251,245551,204236,758.6,3263,244,LARGE,838,,,
161,16,3498,204331,245402,204315,758.1,3482,253,LARGE,808,,,
216,22,4728,204960,244802,204938,756.0,4706,252,LARGE,814,,,
221,23,4838,205025,244749,205002,755.8,4815,260,LARGE,789,,,
238,24,5212,205240,244594,205216,755.2,5188,256,LARGE,802,,,
259,27,5674,205455,244347,205428,754.2,5647,256,LARGE,803,,,
287,30,6282,205735,244020,205705,752.9,6252,255,LARGE,807,,,
308,32,6744,205989,243816,205957,752.2,6712,251,LARGE,821,,,
323,33,7074,206119,243608,206086,751.4,7041,259,LARGE,796,,,
334,34,7316,206232,243496,206198,750.9,7282,242,LARGE,853,,,
351,36,7689,206390,243280,206354,750.2,7653,243,LARGE,850,,,
406,40,8894,207037,242717,206997,748.2,8854,248,LARGE,835,,,
417,41,9158,207120,242528,207079,747.5,9117,256,LARGE,809,,,
428,42,9400,207242,242413,207200,747.0,9358,251,LARGE,826,,,
466,45,10235,207695,242030,207650,745.6,10190,252,LARGE,825,,,
474,45,10408,207787,241958,207742,745.3,10363,243,LARGE,855,,,
476,45,10452,207797,241918,207752,745.2,10407,249,LARGE,835,,,
604,58,13238,209218,240550,209160,740.2,13180,252,LARGE,830,,,
642,62,14073,209630,240124,209568,738.6,14011,255,LARGE,822,,,
740,74,16221,210791,239136,210717,735.1,16147,256,LARGE,824,,,
747,75,16373,210828,239023,210753,734.6,16298,254,LARGE,830,,,
771,78,16901,211171,238840,211093,733.9,16823,252,LARGE,838,,,
774,78,16965,211177,238789,211099,733.7,16887,245,LARGE,862,,,
808,81,17711,211642,238511,211561,732.7,17630,242,LARGE,875,,,
829,84,18162,211927,238327,211843,732.0,18078,260,LARGE,815,,,
848,85,18591,212109,238095,212024,731.1,18506,245,LARGE,866,,,
856,87,18767,212209,238013,212122,730.8,18680,251,LARGE,846,,,
867,88,19008,212374,237938,212286,730.5,18920,250,LARGE,850,,,
872,88,19118,212439,237883,212351,730.2,19030,260,LARGE,817,,,
873,88,19140,212451,237882,212363,730.2,19052,251,LARGE,847,,,
28,3,602,213445,267744,213442,744.4,599,263,LARGE,812,,,
29,3,624,213451,267726,213448,744.4,621,265,LARGE,806,,,
57,5,1226,213681,267350,213676,743.1,1221,269,LARGE,795,,,
944,95,20690,213774,237662,213679,727.0,20595,244,LARGE,876,,,
72,7,1553,214517,267852,214510,742.0,1546,276,LARGE,778,,,
104,10,2250,214919,267568,214909,741.0,2240,265,LARGE,811,,,
160,16,3476,215339,266766,215323,738.4,3460,261,LARGE,825,,,
183,19,4004,215610,266504,215591,737.6,3985,266,LARGE,811,,,
194,20,4246,215691,266335,215671,737.0,4226,274,LARGE,788,,,
204,21,4464,215766,266198,215745,736.5,4443,268,LARGE,806,,,
240,24,5256,216166,265811,216142,735.1,5232,263,LARGE,822,,,
252,26,5520,216318,265683,216292,734.7,5494,279,LARGE,776,,,
263,27,5762,216381,265505,216354,734.1,5735,278,LARGE,779,,,
269,27,5886,216442,265444,216415,733.8,5859,276,LARGE,785,,,
301,31,6590,216735,265043,216704,732.4,6559,266,LARGE,815,,,
305,32,6678,216806,265028,216774,732.4,6646,264,LARGE,822,,,
322,33,7052,216901,264747,216868,731.4,7019,266,LARGE,816,,,
380,39,8327,217528,264095,217489,729.3,8288,270,LARGE,806,,,
465,44,10213,218402,263078,218358,725.9,10169,275,LARGE,795,,,
493,47,10806,218636,262721,218589,724.6,10759,273,LARGE,801,,,
500,47,10960,218735,262669,218688,724.4,10913,270,LARGE,810,,,
517,50,11334,218894,262460,218844,723.7,11284,264,LARGE,829,,,
540,52,11832,219111,262165,219059,722.7,11780,278,LARGE,788,,,
543,52,11898,219124,262118,219072,722.5,11846,272,LARGE,806,,,
602,58,13194,219818,261517,219760,720.5,13136,271,LARGE,811,,,
619,60,13567,219987,261310,219927,719.8,13507,274,LARGE,803,,,
625,61,13699,220066,261259,220005,719.5,13638,272,LARGE,809,,,
630,61,13809,220116,261206,220055,719.3,13748,265,LARGE,831,,,
648,63,14227,220259,260926,220196,718.4,14164,270,LARGE,816,,,
649,63,14249,220280,260915,220217,718.4,14186,280,LARGE,787,,,
652,63,14315,220319,260892,220256,718.2,14252,276,LARGE,799,,,
676,66,14842,220626,260668,220560,717.4,14776,280,LARGE,788,,,
688,67,15097,220664,260456,220597,716.6,15030,275,LARGE,803,,,
700,69,15361,220826,260362,220757,716.3,15292,267,LARGE,827,,,
710,70,15581,220909,260216,220839,715.8,15511,276,LARGE,801,,,
726,72,15922,221121,260090,221049,715.3,15850,273,LARGE,810,,,
748,75,16395,221329,259829,221254,714.4,16320,269,LARGE,823,,,
759,76,16637,221445,259707,221369,713.9,16561,265,LARGE,836,,,
778,79,17053,221677,259517,221598,713.3,16974,271,LARGE,818,,,
789,80,17295,221815,259419,221735,712.9,17215,265,LARGE,837,,,
792,80,17361,221843,259381,221763,712.8,17281,265,LARGE,837,,,
812,82,17799,222114,259213,222032,712.2,17717,266,LARGE,835,,,
817,82,17898,222179,259165,222097,712.0,17816,280,LARGE,794,,,
875,88,19181,222770,258475,222682,709.6,19093,278,LARGE,802,,,
907,91,19877,223094,258106,223003,708.4,19786,275,LARGE,811,,,
908,91,19899,223099,258100,223008,708.3,19808,264,LARGE,845,,,
932,94,20427,223404,257863,223310,707.5,20333,278,LARGE,804,,,
32,3,690,223722,288422,223719,723.9,687,289,LARGE,775,,,
33,3,712,223735,288410,223732,723.9,709,292,LARGE,767,,,
969,98,21240,224301,257950,224203,705.6,21142,275,LARGE,816,,,
975,98,21372,224379,257900,224281,705.4,21274,271,LARGE,828,,,
86,8,1854,224838,288365,224830,721.1,1846,298,LARGE,755,,,
154,15,3344,225484,287532,225469,718.5,3329,287,LARGE,786,,,
165,16,3586,225545,287342,225529,717.9,3570,296,LARGE,762,,,
217,22,4750,226064,286701,226042,715.9,4728,292,LARGE,775,,,
231,24,5058,226190,286516,226166,715.3,5034,295,LARGE,767,,,
243,25,5322,226334,286400,226309,714.9,5297,291,LARGE,778,,,
247,25,5410,226343,286324,226318,714.6,5385,288,LARGE,786,,,
270,27,5908,226479,285967,226452,713.5,5881,283,LARGE,801,,,
289,30,6326,226650,285707,226620,712.7,6296,296,LARGE,766,,,
349,36,7645,227153,284889,227117,710.1,7609,298,LARGE,763,,,
365,37,7997,227314,284710,227277,709.5,7960,286,LARGE,795,,,
374,38,8195,227385,284585,227347,709.1,8157,284,LARGE,801,,,
378,38,8283,227446,284546,227408,709.0,8245,296,LARGE,769,,,
395,39,8657,227610,284343,227571,708.3,8618,289,LARGE,788,,,
458,44,10059,228228,283567,228184,705.9,10015,281,LARGE,813,,,
497,47,10894,228576,283064,228529,704.3,10847,297,LARGE,770,,,
498,47,10916,228587,283060,228540,704.3,10869,290,LARGE,789,,,
555,53,12162,229076,282309,229023,701.9,12109,284,LARGE,807,,,
566,55,12404,229211,282204,229156,701.6,12349,282,LARGE,813,,,
576,56,12624,229335,282097,229279,701.3,12568,293,LARGE,783,,,
603,58,13216,229586,281761,229528,700.2,13158,288,LARGE,797,,,
654,63,14359,229992,281023,229929,697.9,14296,289,LARGE,796,,,
665,65,14601,230141,280923,230076,697.6,14536,296,LARGE,778,,,
671,65,14732,230210,280875,230145,697.4,14667,282,LARGE,817,,,
693,69,15207,230330,280513,230261,696.3,15138,289,LARGE,797,,,
730,72,16010,230702,280072,230630,694.9,15938,299,LARGE,772,,,
809,81,17733,231543,279205,231462,692.1,17652,284,LARGE,816,,,
827,84,18118,231716,278979,231632,691.4,18034,298,LARGE,778,,,
838,85,18372,231814,278832,231729,690.9,18287,289,LARGE,802,,,
868,88,19030,232165,278514,232077,689.9,18942,300,LARGE,774,,,
924,93,20251,232661,277798,232568,687.6,20158,291,LARGE,800,,,
8,1,173,232897,308681,232896,705.0,172,315,LARGE,740,,,
25,2,547,233069,308477,233067,704.4,545,317,LARGE,736,,,
42,4,898,233096,308166,233092,703.4,894,304,LARGE,767,,,
946,95,20734,233329,277982,233234,686.1,20639,292,LARGE,799,,,
960,97,21042,233427,277775,233330,685.4,20945,289,LARGE,808,,,
963,97,21108,233453,277741,233356,685.3,21011,283,LARGE,825,,,
978,98,21438,233639,277591,233541,684.8,21340,289,LARGE,809,,,
74,7,1597,233960,308323,233953,701.4,1590,312,LARGE,750,,,
80,7,1722,233991,308233,233984,701.1,1715,308,LARGE,760,,,
90,8,1942,234078,308088,234070,700.6,1934,320,LARGE,732,,,
108,10,2332,234317,307939,234307,700.1,2322,318,LARGE,737,,,
120,11,2596,234416,307782,234405,699.6,2585,310,LARGE,757,,,
169,17,3674,234777,307067,234760,697.6,3657,308,LARGE,763,,,
203,21,4442,235038,306550,235017,696.1,4421,318,LARGE,740,,,
235,24,5146,235361,306173,235337,695.0,5122,314,LARGE,750,,,
242,25,5300,235424,306078,235399,694.6,5275,318,LARGE,741,,,
282,29,6172,235634,305423,235605,692.7,6143,311,LARGE,758,,,
303,31,6634,235818,305149,235787,691.9,6603,307,LARGE,769,,,
318,33,6964,235883,304871,235850,691.1,6931,320,LARGE,738,,,
346,35,7579,236131,304519,236096,690.0,7544,305,LARGE,775,,,
347,36,7601,236144,304503,236108,689.9,7565,312,LARGE,757,,,
361,37,7909,236251,304296,236214,689.3,7872,318,LARGE,743,,,
370,38,8107,236336,304183,236298,688.9,8069,318,LARGE,744,,,
372,38,8151,236345,304158,236307,688.8,8113,308,LARGE,768,,,
375,38,8217,236355,304101,236317,688.6,8179,309,LARGE,765,,,
403,40,8828,236595,303720,236555,687.5,8788,319,LARGE,742,,,
425,41,9334,236786,303410,236745,686.6,9293,314,LARGE,754,,,
442,43,9707,236933,303184,236890,685.9,9664,314,LARGE,755,,,
446,43,9795,236984,303155,236941,685.8,9752,306,LARGE,775,,,
449,43,9861,237046,303140,237003,685.7,9818,317,LARGE,748,,,
455,44,9993,237111,303070,237067,685.4,9949,320,LARGE,741,,,
496,47,10872,237439,302520,237392,683.8,10825,319,LARGE,745,,,
554,53,12140,237913,301734,237860,681.4,12087,311,LARGE,765,,,
571,55,12514,238092,301548,238037,680.9,12459,302,LARGE,789,,,
628,61,13765,238579,300784,238518,678.6,13704,302,LARGE,790,,,
694,69,15229,239079,299807,239010,675.9,15160,315,LARGE,759,,,
712,70,15625,239191,299537,239121,675.1,15555,301,LARGE,795,,,
764,77,16747,239732,298945,239655,673.3,16670,312,LARGE,769,,,
802,81,17579,240164,298544,240083,672.1,17498,313,LARGE,768,,,
804,81,17623,240201,298536,240120,672.1,17542,314,LARGE,765,,,
830,84,18184,240386,298166,240302,670.9,18100,308,LARGE,781,,,
854,86,18723,240578,297812,240492,669.9,18637,315,LARGE,764,,,
855,87,18745,240595,297806,240508,669.8,18658,316,LARGE,762,,,
860,87,18855,240672,297779,240585,669.7,18768,310,LARGE,777,,,
886,89,19423,240863,297398,240774,668.6,19334,314,LARGE,767,,,
893,90,19577,240946,297325,240856,668.3,19487,316,LARGE,763,,,
928,93,20339,241260,296888,241167,667.0,20246,305,LARGE,791,,,
24,2,525,241556,328585,241554,684.1,523,329,LARGE,735,,,
950,96,20822,241817,296949,241721,665.3,20726,318,LARGE,761,,,
952,96,20866,241836,296924,241740,665.2,20770,318,LARGE,761,,,
982,99,21526,242110,296547,242011,664.1,21427,309,LARGE,784,,,
984,99,21570,242144,296535,242045,664.0,21471,311,LARGE,779,,,
84,8,1810,242416,328162,242408,680.5,1802,327,LARGE,742,,,
93,8,2008,242495,328038,242487,680.1,2000,332,LARGE,731,,,
97,9,2096,242557,328007,242548,680.0,2087,337,LARGE,720,,,
129,12,2794,242864,327613,242852,678.9,2782,340,LARGE,715,,,
138,13,2992,242889,327458,242876,678.4,2979,322,LARGE,755,,,
167,17,3630,243033,326955,243016,677.1,3613,331,LARGE,735,,,
232,24,5080,243572,326045,243548,674.6,5056,330,LARGE,739,,,
251,26,5498,243672,325726,243646,673.7,5472,331,LARGE,737,,,
325,33,7118,244127,324558,244094,670.5,7085,334,LARGE,731,,,
328,34,7184,244145,324507,244111,670.4,7150,337,LARGE,725,,,
331,34,7250,244154,324459,244120,670.2,7216,328,LARGE,745,,,
418,41,9180,244763,323132,244722,666.6,9139,334,LARGE,733,,,
444,43,9751,244979,322774,244936,665.6,9708,337,LARGE,727,,,
454,44,9971,245055,322638,245011,665.2,9927,329,LARGE,745,,,
536,52,11744,245696,321513,245644,662.1,11692,322,LARGE,763,,,
551,53,12074,245754,321230,245701,661.3,12021,333,LARGE,738,,,
553,53,12118,245782,321222,245729,661.2,12065,325,LARGE,757,,,
565,54,12382,245904,321074,245850,660.8,12328,331,LARGE,743,,,
572,55,12536,245953,320976,245898,660.5,12481,324,LARGE,759,,,
578,56,12668,245986,320871,245930,660.2,12612,330,LARGE,746,,,
579,56,12690,245990,320860,245934,660.2,12634,323,LARGE,762,,,
590,57,12930,246139,320756,246082,659.9,12873,336,LARGE,733,,,
596,58,13062,246157,320641,246099,659.5,13004,337,LARGE,731,,,
611,59,13391,246251,320418,246192,658.9,13332,325,LARGE,758,,,
624,61,13677,246347,320226,246286,658.3,13616,327,LARGE,754,,,
643,62,14095,246471,319926,246409,657.5,14033,333,LARGE,740,,,
659,64,14469,246576,319654,246512,656.8,14405,336,LARGE,734,,,
660,64,14491,246581,319649,246517,656.7,14427,324,LARGE,761,,,
669,65,14689,246674,319544,246609,656.4,14624,324,LARGE,762,,,
717,71,15724,246921,318756,246850,654.2,15653,324,LARGE,762,,,
738,74,16177,247181,318550,247107,653.6,16103,337,LARGE,734,,,
762,77,16703,247361,318218,247284,652.7,16626,323,LARGE,766,,,
770,78,16879,247462,318134,247384,652.5,16801,332,LARGE,746,,,
811,81,17777,247852,317623,247771,651.1,17696,335,LARGE,740,,,
917,92,20097,248652,316111,248560,646.9,20005,327,LARGE,761,,,
5,0,107,248875,349051,248875,664.4,107,342,LARGE,728,,,
55,5,1182,249157,348243,249152,662.3,1177,357,LARGE,698,,,
971,98,21284,249464,315723,249366,644.1,21186,340,LARGE,734,,,
69,6,1487,249737,348527,249731,660.8,1481,348,LARGE,718,,,
94,9,2030,249877,348125,249868,659.8,2021,347,LARGE,721,,,
128,12,2772,250175,347677,250163,658.6,2760,351,LARGE,713,,,
141,13,3058,250209,347425,250196,657.9,3045,351,LARGE,713,,,
163,16,3542,250294,347019,250278,656.9,3526,358,LARGE,700,,,
230,24,5036,250836,346072,250812,654.5,5012,353,LARGE,711,,,
279,29,6106,251069,345236,251040,652.3,6077,352,LARGE,714,,,
299,31,6546,251189,344919,251158,651.4,6515,349,LARGE,720,,,
315,32,6898,251259,344643,251227,650.7,6866,343,LARGE,733,,,
324,33,7096,251311,344493,251278,650.3,7063,347,LARGE,725,,,
332,34,7272,251313,344325,251279,649.9,7238,341,LARGE,737,,,
376,38,8239,251574,343602,251536,648.1,8201,358,LARGE,703,,,
392,39,8591,251688,343379,251649,647.4,8552,343,LARGE,734,,,
443,43,9729,252054,342597,252011,645.4,9686,353,LARGE,714,,,
462,44,10147,252152,342281,252108,644.6,10103,349,LARGE,723,,,
468,45,10279,252210,342203,252165,644.4,10234,353,LARGE,715,,,
473,45,10386,252243,342132,252198,644.2,10341,350,LARGE,721,,,
501,48,10982,252417,341701,252369,643.0,10934,359,LARGE,703,,,
574,56,12580,252961,340651,252905,640.3,12524,355,LARGE,713,,,
586,57,12842,253017,340449,252960,639.7,12785,351,LARGE,721,,,
616,60,13501,253179,339956,253119,638.4,13441,347,LARGE,730,,,
668,65,14667,253529,339128,253464,636.3,14602,359,LARGE,707,,,
749,75,16417,254067,337926,253992,633.2,16342,349,LARGE,728,,,
768,77,16835,254238,337672,254161,632.5,16758,356,LARGE,714,,,
880,88,19291,255133,336113,255045,628.4,19203,354,LARGE,721,,,
7,1,151,255658,369019,255657,644.6,150,378,LARGE,677,,,
22,2,481,255762,368796,255760,644.1,479,375,LARGE,683,,,
23,2,503,255782,368790,255780,644.0,501,379,LARGE,675,,,
45,4,964,255862,368415,255858,643.0,960,373,LARGE,686,,,
973,98,21328,256177,335128,256079,624.1,21230,346,LARGE,741,,,
101,9,2184,256625,367964,256616,639.9,2175,367,LARGE,700,,,
208,21,4552,257280,366242,257259,635.8,4531,376,LARGE,685,,,
236,24,5168,257466,365819,257442,634.7,5144,369,LARGE,698,,,
295,31,6458,257743,364803,257712,632.2,6427,372,LARGE,693,,,
300,31,6568,257764,364706,257733,631.9,6537,380,LARGE,679,,,
335,34,7338,257872,364045,257838,630.3,7304,379,LARGE,681,,,
342,35,7491,257886,363912,257851,629.9,7456,373,LARGE,692,,,
385,39,8437,258108,363200,258069,628.2,8398,361,LARGE,715,,,
404,40,8850,258248,362921,258208,627.5,8810,367,LARGE,704,,,
421,41,9246,258374,362643,258333,626.8,9205,375,LARGE,689,,,
439,43,9641,258471,362352,258428,626.1,9598,368,LARGE,703,,,
459,44,10081,258578,362009,258534,625.3,10037,378,LARGE,684,,,
478,45,10496,258655,361679,258610,624.4,10451,370,LARGE,699,,,
502,48,11004,258807,361314,258759,623.5,10956,379,LARGE,683,,,
525,51,11510,259010,361026,258959,622.7,11459,364,LARGE,712,,,
552,53,12096,259125,360555,259072,621.6,12043,364,LARGE,712,,,
558,53,12228,259156,360450,259103,621.3,12175,368,LARGE,705,,,
559,54,12250,259167,360437,259113,621.3,12196,370,LARGE,701,,,
610,59,13369,259438,359593,259379,619.2,13310,366,LARGE,709,,,
637,62,13963,259602,359160,259540,618.1,13901,369,LARGE,704,,,
674,66,14798,259764,358489,259698,616.5,14732,367,LARGE,708,,,
689,67,15119,259789,358198,259722,615.8,15052,362,LARGE,718,,,
696,69,15273,259863,358113,259794,615.6,15204,367,LARGE,708,,,
731,72,16032,260125,357604,260053,614.3,15960,379,LARGE,687,,,
750,75,16439,260241,357327,260166,613.6,16364,365,LARGE,713,,,
760,76,16659,260315,357179,260239,613.2,16583,367,LARGE,710,,,
786,79,17229,260504,356793,260425,612.3,17150,372,LARGE,701,,,
788,80,17273,260538,356784,260458,612.2,17193,371,LARGE,703,,,
797,81,17471,260622,356664,260541,611.9,17390,377,LARGE,692,,,
800,81,17535,260648,356640,260567,611.8,17454,363,LARGE,718,,,
836,85,18328,260854,356049,260769,610.3,18243,367,LARGE,711,,,
837,85,18350,260869,356035,260784,610.3,18265,374,LARGE,698,,,
853,86,18701,260984,355809,260898,609.7,18615,364,LARGE,717,,,
877,88,19225,261152,355444,261064,608.8,19137,373,LARGE,700,,,
892,90,19555,261261,355216,261171,608.2,19465,380,LARGE,688,,,
918,92,20119,261458,354849,261366,607.3,20027,380,LARGE,688,,,
922,93,20207,261488,354804,261395,607.1,20114,367,LARGE,713,,,
933,94,20449,261585,354658,261491,606.7,20355,368,LARGE,711,,,
9,1,195,261647,389611,261646,624.7,194,397,LARGE,660,,,
52,5,1118,261798,388838,261793,622.9,1113,398,LARGE,658,,,
56,5,1204,261808,388771,261803,622.6,1199,389,LARGE,674,,,
983,99,21548,262130,354099,262031,603.7,21449,373,LARGE,703,,,
89,8,1920,262374,388629,262366,620.4,1912,381,LARGE,689,,,
102,10,2206,262487,388455,262477,620.0,2196,382,LARGE,688,,,
187,19,4092,262948,387012,262929,616.8,4073,400,LARGE,658,,,
188,19,4114,262965,387011,262946,616.7,4095,396,LARGE,665,,,
193,20,4224,262979,386918,262959,616.5,4204,393,LARGE,670,,,
206,21,4508,263063,386714,263042,616.0,4487,397,LARGE,663,,,
209,21,4574,263098,386688,263077,615.9,4553,392,LARGE,672,,,
292,31,6392,263513,385279,263482,612.5,6361,398,LARGE,663,,,
412,40,9026,263982,383126,263942,607.6,8986,386,LARGE,684,,,
427,42,9378,264061,382847,264019,607.0,9336,392,LARGE,674,,,
429,42,9422,264070,382816,264028,606.9,9380,388,LARGE,681,,,
441,43,9685,264130,382606,264087,606.4,9642,395,LARGE,669,,,
447,43,9817,264150,382490,264107,606.0,9774,399,LARGE,662,,,
487,46,10674,264295,381785,264249,604.4,10628,392,LARGE,675,,,
511,49,11202,264421,381380,264372,603.4,11153,395,LARGE,670,,,
526,51,11532,264590,381220,264539,603.0,11481,394,LARGE,672,,,
655,63,14381,265167,378958,265104,597.8,14318,384,LARGE,691,,,
667,65,14645,265250,378765,265185,597.4,14580,396,LARGE,670,,,
722,71,15834,265501,377835,265430,595.1,15763,388,LARGE,685,,,
727,72,15944,265558,377778,265486,595.0,15872,392,LARGE,678,,,
737,73,16155,265618,377624,265545,594.6,16082,395,LARGE,673,,,
739,74,16199,265627,377596,265553,594.5,16125,388,LARGE,685,,,
763,77,16725,265722,377167,265645,593.5,16648,386,LARGE,689,,,
767,77,16813,265739,377086,265662,593.3,16736,396,LARGE,671,,,
793,80,17383,265925,376709,265845,592.4,17303,389,LARGE,684,,,
801,81,17557,265987,376589,265906,592.1,17476,397,LARGE,670,,,
803,81,17601,265999,376563,265918,592.0,17520,391,LARGE,681,,,
813,82,17821,266035,376377,265953,591.5,17739,393,LARGE,677,,,
884,89,19379,266445,375229,266356,588.9,19290,393,LARGE,678,,,
931,93,20405,266759,374525,266666,587.2,20312,385,LARGE,693,,,
934,94,20471,266774,374465,266680,587.0,20377,394,LARGE,677,,,
974,98,21350,267028,373843,266930,584.5,21252,391,LARGE,683,,,
989,100,21680,267088,373569,266988,583.9,21580,395,LARGE,676,,,
991,100,21724,267090,373541,266990,583.8,21624,381,LARGE,701,,,
37,3,800,267216,409550,267213,603.8,797,415,LARGE,644,,,
58,5,1248,267265,409162,267260,602.9,1243,404,LARGE,662,,,
61,6,1314,267303,409123,267297,601.8,1308,415,LARGE,645,,,
98,9,2118,267482,408511,267473,600.4,2109,402,LARGE,666,,,
118,11,2552,267564,408146,267553,599.6,2541,415,LARGE,645,,,
122,12,2640,267627,408118,267615,599.5,2628,418,LARGE,641,,,
124,12,2684,267631,408093,267619,599.4,2672,403,LARGE,665,,,
149,15,3234,267712,407613,267697,598.4,3219,414,LARGE,647,,,
233,24,5102,268137,406178,268113,595.3,5078,406,LARGE,661,,,
260,27,5696,268222,405657,268195,594.1,5669,418,LARGE,642,,,
288,30,6304,268365,405200,268335,593.0,6274,410,LARGE,655,,,
352,36,7711,268514,403936,268478,590.3,7675,416,LARGE,646,,,
360,37,7887,268573,403821,268536,590.0,7850,414,LARGE,649,,,
387,39,8481,268672,403330,268633,588.9,8442,410,LARGE,656,,,
414,41,9092,268821,402862,268780,587.9,9051,416,LARGE,647,,,
467,45,10257,269014,401890,268969,585.7,10212,416,LARGE,647,,,
470,45,10323,269035,401841,268990,585.5,10278,420,LARGE,641,,,
548,53,12008,269386,400507,269333,582.5,11955,420,LARGE,642,,,
549,53,12030,269406,400506,269353,582.5,11977,419,LARGE,643,,,
557,53,12206,269424,400350,269371,582.1,12153,417,LARGE,646,,,
569,55,12470,269495,400170,269440,581.7,12415,404,LARGE,667,,,
584,56,12798,269526,399869,269470,581.0,12742,408,LARGE,661,,,
587,57,12864,269543,399812,269486,580.9,12807,416,LARGE,648,,,
618,60,13545,269657,399258,269597,579.6,13485,403,LARGE,669,,,
634,62,13897,269752,398998,269690,579.0,13835,406,LARGE,665,,,
645,63,14161,269755,398741,269692,578.5,14098,402,LARGE,671,,,
680,66,14930,269849,398063,269783,577.0,14864,405,LARGE,667,,,
691,68,15163,269891,397858,269823,576.6,15095,419,LARGE,644,,,
695,69,15251,269910,397790,269841,576.4,15182,418,LARGE,646,,,
713,70,15647,269988,397479,269918,575.7,15577,411,LARGE,657,,,
721,71,15812,270051,397370,269980,575.4,15741,418,LARGE,646,,,
725,71,15900,270093,397323,270022,575.2,15829,419,LARGE,645,,,
751,75,16461,270162,396848,270087,574.1,16386,402,LARGE,672,,,
777,79,17031,270270,396369,270191,573.1,16952,419,LARGE,645,,,
783,79,17163,270297,396279,270218,572.9,17084,404,LARGE,669,,,
785,79,17207,270300,396240,270221,572.8,17128,402,LARGE,673,,,
791,80,17339,270335,396133,270255,572.5,17259,412,LARGE,656,,,
799,81,17513,270369,395994,270288,572.2,17432,411,LARGE,658,,,
820,82,17964,270447,395621,270365,571.3,17882,411,LARGE,658,,,
841,85,18437,270533,395226,270448,570.4,18352,419,LARGE,646,,,
852,86,18679,270583,395048,270497,570.0,18593,405,LARGE,668,,,
857,87,18789,270600,394944,270513,569.8,18702,416,LARGE,651,,,
865,88,18964,270707,394874,270619,569.6,18876,418,LARGE,648,,,
915,92,20053,270955,394046,270863,567.7,19961,405,LARGE,669,,,
941,94,20624,271105,393613,271011,565.8,20530,417,LARGE,650,,,
964,97,21130,271175,393191,271078,564.8,21033,403,LARGE,673,,,
967,98,21196,271238,393173,271140,564.8,21098,418,LARGE,649,,,
43,4,920,271330,429176,271326,583.5,916,423,LARGE,642,,,
66,6,1421,271415,428745,271409,581.6,1415,438,LARGE,620,,,
81,8,1744,271471,428485,271463,581.0,1736,431,LARGE,630,,,
112,11,2420,271596,427931,271585,579.9,2409,434,LARGE,626,,,
119,11,2574,271600,427792,271589,579.5,2563,423,LARGE,643,,,
121,12,2618,271611,427752,271599,579.5,2606,430,LARGE,632,,,
158,16,3432,271692,427015,271676,577.9,3416,434,LARGE,626,,,
168,17,3652,271733,426832,271716,577.5,3635,438,LARGE,621,,,
173,17,3762,271785,426785,271768,577.4,3745,427,LARGE,637,,,
207,21,4530,271925,426157,271904,576.1,4509,427,LARGE,637,,,
227,23,4970,272024,425813,272001,575.4,4947,430,LARGE,633,,,
229,24,5014,272044,425780,272020,575.3,4990,439,LARGE,620,,,
241,25,5278,272059,425536,272034,574.7,5253,434,LARGE,627,,,
266,27,5828,272133,425067,272106,573.7,5801,427,LARGE,638,,,
271,28,5930,272137,424973,272109,573.5,5902,423,LARGE,644,,,
302,31,6612,272217,424361,272186,572.2,6581,433,LARGE,629,,,
320,33,7008,272247,424001,272214,571.4,6975,427,LARGE,638,,,
345,35,7557,272301,423504,272266,570.4,7522,429,LARGE,635,,,
368,38,8063,272480,423184,272442,569.5,8025,422,LARGE,646,,,
396,40,8679,272580,422659,272540,568.4,8639,431,LARGE,633,,,
397,40,8701,272584,422649,272544,568.4,8661,423,LARGE,645,,,
405,40,8872,272596,422482,272556,568.0,8832,431,LARGE,633,,,
464,44,10191,272761,421329,272717,565.5,10147,430,LARGE,635,,,
495,47,10850,272866,420769,272819,564.3,10803,436,LARGE,626,,,
523,50,11466,273030,420324,272980,563.4,11416,429,LARGE,637,,,
564,54,12360,273110,419506,273056,561.6,12306,433,LARGE,631,,,
629,61,13787,273289,418269,273228,559.0,13726,422,LARGE,648,,,
631,61,13831,273305,418228,273244,559.0,13770,435,LARGE,629,,,
663,65,14557,273391,417584,273326,557.6,14492,439,LARGE,623,,,
664,65,14579,273402,417582,273337,557.6,14514,430,LARGE,636,,,
706,70,15493,273449,416723,273379,555.8,15423,422,LARGE,648,,,
719,71,15768,273509,416495,273438,555.3,15697,435,LARGE,629,,,
724,71,15878,273526,416401,273455,555.0,15807,436,LARGE,628,,,
733,73,16076,273528,416220,273455,554.6,16003,421,LARGE,650,,,
775,78,16987,273652,415421,273574,553.0,16909,433,LARGE,632,,,
781,79,17119,273654,415303,273575,552.7,17040,421,LARGE,650,,,
818,82,17920,273763,414592,273681,551.2,17838,440,LARGE,623,,,
821,83,17986,273777,414547,273694,551.0,17903,433,LARGE,633,,,
888,90,19467,273999,413300,273909,548.4,19377,421,LARGE,651,,,
913,92,20009,274137,412892,274045,547.5,19917,425,LARGE,645,,,
927,93,20317,274221,412656,274128,547.0,20224,437,LARGE,628,,,
936,94,20514,274257,412499,274163,546.7,20420,433,LARGE,634,,,
962,97,21086,274342,412007,274245,544.7,20989,438,LARGE,627,,,
965,97,21152,274349,411960,274252,544.5,21055,426,LARGE,644,,,
11,1,239,274401,448949,274400,564.5,238,447,LARGE,614,,,
71,7,1531,274517,447775,274510,561.3,1524,445,LARGE,617,,,
91,8,1964,274542,447370,274534,560.4,1956,442,LARGE,622,,,
109,11,2354,274618,447049,274607,559.8,2343,449,LARGE,612,,,
166,17,3608,274692,445871,274675,557.4,3591,447,LARGE,615,,,
174,18,3784,274747,445747,274729,557.2,3766,450,LARGE,611,,,
277,28,6062,275015,443744,274987,553.2,6034,443,LARGE,621,,,
321,33,7030,275099,442846,275066,551.4,6997,457,LARGE,602,,,
994,100,21790,275204,412167,275104,542.2,21690,436,LARGE,631,,,
998,100,21878,275219,412096,275119,542.0,21778,434,LARGE,634,,,
354,37,7755,275234,442259,275197,550.0,7718,454,LARGE,607,,,
379,39,8305,275299,441768,275260,549.0,8266,460,LARGE,599,,,
393,39,8613,275359,441525,275320,548.4,8574,455,LARGE,606,,,
3,0,63,275372,466369,275372,544.0,63,472,LARGE,584,,,
433,42,9510,275419,440701,275377,546.7,9468,442,LARGE,624,,,
489,47,10718,275544,439606,275497,544.5,10671,454,LARGE,607,,,
515,49,11290,275614,439115,275565,543.5,11241,443,LARGE,623,,,
519,50,11378,275648,439053,275598,543.3,11328,451,LARGE,612,,,
609,59,13347,275892,437338,275833,539.9,13288,441,LARGE,626,,,
621,61,13611,275909,437076,275848,539.4,13550,456,LARGE,605,,,
651,63,14293,275935,436433,275872,538.1,14230,443,LARGE,623,,,
690,68,15141,275965,435611,275897,536.5,15073,447,LARGE,618,,,
769,77,16857,276130,434057,276053,533.3,16780,450,LARGE,614,,,
828,84,18140,276222,432873,276138,531.0,18056,443,LARGE,624,,,
840,85,18415,276234,432602,276149,530.4,18330,451,LARGE,613,,,
844,85,18503,276241,432526,276156,530.2,18418,446,LARGE,620,,,
858,87,18811,276270,432247,276183,529.7,18724,446,LARGE,620,,,
862,87,18899,276297,432188,276210,529.5,18812,444,LARGE,623,,,
882,89,19335,276352,431801,276263,528.7,19246,450,LARGE,614,,,
898,90,19679,276433,431534,276343,528.2,19589,454,LARGE,609,,,
930,93,20383,276560,430955,276467,527.0,20290,456,LARGE,607,,,
20,2,437,276702,467328,276700,544.3,435,469,LARGE,590,,,
44,4,942,276714,466833,276710,543.3,938,471,LARGE,588,,,
79,7,1700,276779,466131,276772,541.1,1693,480,LARGE,577,,,
170,17,3696,276916,464288,276899,537.6,3679,464,LARGE,597,,,
176,18,3828,276966,464205,276948,537.4,3810,465,LARGE,596,,,
211,21,4618,277044,463487,277023,536.1,4597,471,LARGE,589,,,
226,23,4948,277109,463213,277086,535.5,4925,480,LARGE,578,,,
248,25,5432,277126,462750,277101,534.6,5407,476,LARGE,583,,,
255,26,5586,277138,462613,277112,534.3,5560,471,LARGE,589,,,
265,27,5806,277159,462405,277132,533.9,5779,480,LARGE,578,,,
285,29,6238,277164,461994,277135,533.0,6209,464,LARGE,598,,,
353,36,7733,277239,460570,277203,530.3,7697,468,LARGE,593,,,
979,98,21460,277244,430574,277146,522.5,21362,444,LARGE,625,,,
986,99,21614,277259,430425,277160,522.2,21515,454,LARGE,611,,,
364,37,7975,277283,460379,277246,529.8,7938,461,LARGE,602,,,
390,39,8547,277315,459831,277276,528.7,8508,469,LARGE,592,,,
416,41,9136,277329,459252,277288,527.5,9095,473,LARGE,587,,,
436,42,9575,277372,458849,277330,526.8,9533,480,LARGE,578,,,
448,43,9839,277391,458606,277348,526.2,9796,478,LARGE,581,,,
450,43,9883,277404,458581,277361,526.2,9840,472,LARGE,588,,,
486,46,10652,277420,457825,277374,524.7,10606,475,LARGE,584,,,
491,47,10762,277448,457753,277401,524.5,10715,465,LARGE,597,,,
516,49,11312,277501,457253,277452,523.5,11263,468,LARGE,593,,,
520,50,11400,277519,457174,277469,523.4,11350,477,LARGE,582,,,
522,50,11444,277530,457148,277480,523.3,11394,470,LARGE,591,,,
532,51,11656,277541,456947,277490,522.9,11605,470,LARGE,591,,,
581,56,12734,277627,455946,277571,521.0,12678,479,LARGE,580,,,
589,57,12908,277656,455814,277599,520.7,12851,466,LARGE,596,,,
606,59,13282,277688,455469,277629,520.0,13223,469,LARGE,592,,,
735,73,16111,277811,452760,277738,514.8,16038,472,LARGE,589,,,
810,81,17755,277932,451239,277851,511.9,17674,470,LARGE,592,,,
816,82,17876,277951,451129,277869,511.7,17794,478,LARGE,582,,,
845,85,18525,277953,450499,277868,510.4,18440,461,LARGE,603,,,
863,87,18921,277981,450127,277894,509.7,18834,465,LARGE,598,,,
914,92,20031,278119,449155,278027,507.8,19939,465,LARGE,598,,,
926,93,20295,278160,448919,278067,507.4,20202,478,LARGE,582,,,
938,94,20558,278169,448675,278075,506.0,20464,468,LARGE,595,,,
959,97,21020,278196,448244,278099,505.2,20923,464,LARGE,600,,,
966,97,21174,278215,448095,278118,504.9,21077,478,LARGE,582,,,
968,98,21218,278227,448070,278129,504.8,21120,471,LARGE,591,,,
15,1,327,278245,485840,278244,524.6,326,497,LARGE,560,,,
60,5,1292,278251,484893,278246,522.8,1287,485,LARGE,574,,,
64,6,1377,278258,484814,278252,521.9,1371,486,LARGE,573,,,
92,8,1986,278269,484212,278261,520.8,1978,490,LARGE,568,,,
96,9,2074,278278,484135,278269,520.6,2065,488,LARGE,571,,,
99,9,2140,278293,484078,278284,520.5,2131,494,LARGE,564,,,
126,12,2728,278310,483505,278298,519.4,2716,496,LARGE,562,,,
130,12,2816,278313,483434,278301,519.2,2804,482,LARGE,578,,,
143,14,3102,278330,483151,278316,518.7,3088,496,LARGE,562,,,
171,17,3718,278343,482552,278326,517.6,3701,492,LARGE,566,,,
175,18,3806,278359,482477,278341,517.4,3788,495,LARGE,563,,,
197,20,4312,278379,481987,278359,516.6,4292,499,LARGE,558,,,
199,20,4356,278397,481963,278377,516.5,4336,497,LARGE,561,,,
205,21,4486,278408,481851,278387,516.2,4465,490,LARGE,569,,,
215,22,4706,278410,481642,278388,515.8,4684,481,LARGE,579,,,
218,22,4772,278427,481578,278405,515.7,4750,496,LARGE,562,,,
286,30,6260,278434,480107,278404,513.0,6230,486,LARGE,573,,,
304,32,6656,278453,479718,278421,512.2,6624,498,LARGE,560,,,
344,35,7535,278466,478858,278431,510.6,7500,492,LARGE,566,,,
362,37,7931,278478,478475,278441,509.8,7894,491,LARGE,568,,,
389,39,8525,278487,477893,278448,508.7,8486,488,LARGE,571,,,
420,41,9224,278489,477203,278448,507.4,9183,481,LARGE,579,,,
488,46,10696,278494,475733,278448,504.6,10650,484,LARGE,576,,,
508,48,11136,278512,475298,278464,503.8,11088,497,LARGE,561,,,
514,49,11268,278524,475184,278475,503.6,11219,491,LARGE,568,,,
534,51,11700,278539,474764,278488,502.8,11649,494,LARGE,564,,,
562,54,12316,278548,474163,278494,501.7,12262,488,LARGE,571,,,
567,55,12426,278566,474062,278511,501.5,12371,497,LARGE,561,,,
588,57,12886,278570,473620,278513,500.6,12829,483,LARGE,577,,,
599,58,13128,278581,473382,278523,500.2,13070,490,LARGE,569,,,
633,61,13875,278585,472646,278524,498.8,13814,483,LARGE,577,,,
657,64,14425,278594,472100,278530,497.9,14361,488,LARGE,571,,,
701,69,15383,278605,471151,278536,496.1,15314,490,LARGE,569,,,
709,70,15559,278624,470986,278554,495.8,15489,498,LARGE,560,,,
718,71,15746,278634,470818,278563,495.4,15675,489,LARGE,570,,,
745,75,16331,278647,470243,278572,494.4,16256,492,LARGE,567,,,
753,75,16505,278653,470082,278578,494.0,16430,485,LARGE,575,,,
755,76,16549,278663,470044,278587,494.0,16473,489,LARGE,570,,,
787,79,17251,278679,469352,278600,492.7,17172,495,LARGE,563,,,
795,80,17427,278688,469192,278608,492.4,17347,488,LARGE,571,,,
859,87,18833,278700,467795,278613,489.8,18746,491,LARGE,568,,,
871,88,19096,278715,467544,278627,489.3,19008,494,LARGE,565,,,
891,90,19533,278722,467122,278632,488.5,19443,486,LARGE,574,,,
896,90,19635,278742,467027,278652,488.3,19545,499,LARGE,559,,,
897,90,19657,278746,467025,278656,488.2,19567,483,LARGE,577,,,
903,91,19789,278751,466897,278660,488.0,19698,484,LARGE,576,,,
905,91,19833,278765,466858,278674,487.9,19742,493,LARGE,566,,,
921,93,20185,278782,466520,278689,487.3,20092,496,LARGE,562,,,
954,96,20910,278788,465812,278692,485.1,20814,485,LARGE,575,,,
