pids,instantiation times,start times,finish times,total wait times,turnaround times,average queue lengths,response times,required cpu times,process sizes,turnaround times,throughput,average response time
21,1430,2244,26507,24251,25077,70.5,814,112,SMALL,224,0.3719668033258933,3813.0
52,4897,8472,31352,22866,26455,96.8,3575,74,SMALL,358,,
50,4682,8050,37664,29603,32982,96.2,3368,91,SMALL,363,,
3,284,367,58304,57929,58020,55.1,83,328,SMALL,177,,
77,6731,13587,62393,48789,55662,97.0,6856,157,SMALL,355,,
8,663,883,81793,80891,81130,73.5,220,339,SMALL,240,,
14,1106,1573,86351,84777,85245,81.2,467,301,SMALL,284,,
25,1837,2834,107066,104221,105229,87.7,997,351,SMALL,300,,
37,3036,4876,152497,147617,149461,91.7,1840,464,SMALL,323,,
94,9141,17791,164588,146785,155447,93.2,8650,472,SMALL,330,,
18,1365,2024,164788,162763,163423,87.6,659,541,MEDiUM,303,,
57,5353,9661,171173,161498,165820,93.0,4308,514,MEDiUM,323,,
46,4245,7118,214206,207086,209961,91.3,2873,662,MEDiUM,318,,
95,9162,17913,238095,220166,228933,90.9,8751,736,MEDiUM,312,,
28,1960,3200,244001,240784,242041,88.6,1240,817,MEDiUM,297,,
74,6409,12937,294534,281591,288125,89.5,6528,946,MEDiUM,305,,
43,3923,6349,304750,298392,300827,88.9,2426,1009,LARGE,299,,
29,2718,3962,305809,301843,303091,88.0,1244,1024,LARGE,296,,
9,771,1026,319467,318424,318696,83.9,255,1157,LARGE,276,,
70,6236,12236,329780,317541,323544,88.4,6000,1083,LARGE,299,,
56,4981,9062,338204,329137,333223,88.1,4081,1125,LARGE,297,,
96,9363,18248,342469,324217,333106,87.8,8885,1124,LARGE,297,,
60,5588,10235,352386,342135,346798,87.6,4647,1196,LARGE,290,,
32,2870,4294,354281,349981,351411,86.6,1424,1226,LARGE,287,,
1,222,248,372164,371911,371942,77.8,26,1465,LARGE,254,,
34,2968,4613,378095,373468,375127,85.8,1645,1334,LARGE,282,,
63,5759,10743,383557,372805,377798,86.2,4984,1329,LARGE,285,,
30,2722,4028,389212,385173,386490,85.1,1306,1391,LARGE,278,,
22,1668,2539,392697,390151,391029,84.0,871,1427,LARGE,275,,
98,9825,18918,395779,376860,385954,85.3,9093,1361,LARGE,284,,
88,7964,16136,397979,381828,390015,85.3,8172,1395,LARGE,280,,
71,6318,12500,408052,395545,401734,84.7,6182,1447,LARGE,278,,
73,6386,12744,411864,399104,405478,84.4,6358,1476,LARGE,275,,
53,4900,8586,413759,405169,408859,84.3,3686,1484,LARGE,276,,
27,1907,3021,413818,410793,411911,83.2,1114,1524,LARGE,271,,
81,7142,14501,415742,401226,408600,84.1,7359,1495,LARGE,274,,
65,5948,11129,421530,410391,415582,83.7,5181,1530,LARGE,272,,
38,3073,4999,430594,425580,427521,82.6,1926,1615,LARGE,265,,
4,369,464,437577,437099,437208,77.0,95,1794,LARGE,244,,
72,6347,12622,441411,428781,435064,82.0,6275,1648,LARGE,264,,
67,6005,11657,444218,432560,438213,81.8,5652,1661,LARGE,264,,
91,8375,16857,445675,428812,437300,81.5,8482,1666,LARGE,263,,
42,3845,6147,469928,463779,466083,79.3,2302,1862,LARGE,251,,
15,1214,1745,470681,468919,469467,77.7,531,1937,LARGE,243,,
89,8038,16329,477013,460674,468975,78.6,8291,1890,LARGE,249,,
23,1780,2694,478320,475616,476540,77.6,914,1970,LARGE,242,,
0,181,182,480685,480491,480504,71.4,1,2172,LARGE,222,,
39,3377,5420,505140,499706,501763,75.8,2043,2154,LARGE,233,,
48,4462,7577,509097,501512,504635,75.5,3115,2168,LARGE,233,,
6,588,742,520615,519856,520027,71.7,154,2397,LARGE,217,,
99,9961,19040,529230,510178,519269,73.4,9079,2312,LARGE,225,,
26,1868,2926,534409,531480,532541,72.5,1058,2423,LARGE,220,,
12,999,1393,539635,538237,538636,71.4,394,2505,LARGE,216,,
61,5626,10428,539696,529252,534070,72.6,4802,2436,LARGE,220,,
66,5955,11464,558236,546757,552281,70.6,5509,2615,LARGE,212,,
83,7317,14887,558897,543995,551580,70.4,7570,2615,LARGE,211,,
54,4904,8700,559250,550542,554346,70.5,3796,2628,LARGE,211,,
2,246,295,561066,560762,560820,66.9,49,2829,LARGE,199,,
24,1831,2781,567296,564502,565465,69.0,950,2773,LARGE,204,,
79,7053,14186,569243,555038,562190,69.2,7133,2739,LARGE,206,,
49,4671,7940,574583,566634,569912,68.6,3269,2809,LARGE,203,,
20,1421,2159,575243,573065,573822,68.0,738,2879,LARGE,200,,
45,4085,6837,584646,577807,580561,67.1,2752,2942,LARGE,198,,
31,2812,4182,587864,583663,585052,66.6,1370,3019,LARGE,194,,
93,9101,17598,592748,575142,583647,65.9,8497,3028,LARGE,193,,
82,7251,14765,593489,578706,586238,65.7,7514,3058,LARGE,192,,
58,5467,9851,597861,588009,592394,65.1,4384,3121,LARGE,190,,
87,7773,15801,608495,592680,600722,63.3,8028,3294,LARGE,183,,
51,4728,8161,609811,601630,605083,63.2,3433,3340,LARGE,182,,
35,2990,4683,610002,605309,607012,62.9,1693,3370,LARGE,181,,
13,1015,1434,613296,611845,612281,61.8,419,3477,LARGE,177,,
84,7650,15293,613906,598599,606256,62.3,7643,3394,LARGE,179,,
86,7732,15608,614942,599314,607210,62.1,7876,3420,LARGE,178,,
69,6204,12114,615607,603475,609403,62.0,5910,3438,LARGE,178,,
10,816,1090,617921,616830,617105,60.6,274,3581,LARGE,173,,
68,6045,11779,618815,607034,612770,61.2,5734,3502,LARGE,175,,
75,6469,13130,619854,606709,613385,60.9,6661,3535,LARGE,174,,
17,1358,1974,620995,619001,619637,60.4,616,3640,LARGE,171,,
92,8915,17405,621144,603719,612229,60.5,8490,3560,LARGE,172,,
16,1307,1856,621587,619723,620280,60.0,549,3648,LARGE,171,,
11,851,1154,621700,620527,620849,59.6,303,3699,LARGE,168,,
97,9590,18583,622188,603598,612598,59.9,8993,3587,LARGE,171,,
76,6515,13252,624395,611127,617880,59.0,6737,3696,LARGE,168,,
41,3679,5896,625012,619109,621333,59.0,2217,3727,LARGE,167,,
85,7718,15486,625895,610397,618177,58.5,7768,3732,LARGE,166,,
90,8241,16593,631928,615323,623687,55.3,8352,4012,LARGE,156,,
62,5740,10621,633729,623100,627989,54.4,4881,4128,LARGE,153,,
59,5484,10042,636117,626064,630633,53.0,4558,4271,LARGE,148,,
80,7069,14308,636190,621864,629121,52.8,7239,4278,LARGE,148,,
36,2998,4755,637209,632450,634211,52.1,1757,4384,LARGE,145,,
40,3659,5810,640024,634208,636365,49.9,2151,4626,LARGE,138,,
5,426,540,640216,639660,639790,49.0,114,4756,LARGE,135,,
47,4276,7283,640904,633609,636628,49.5,3007,4652,LARGE,137,,
7,611,798,640958,640155,640347,48.8,187,4765,LARGE,135,,
33,2878,4408,641299,636887,638421,48.8,1530,4744,LARGE,135,,
19,1392,2109,641935,639812,640543,47.8,717,4874,LARGE,132,,
78,6929,13851,642314,628453,635385,47.5,6922,4830,LARGE,132,,
44,3955,6619,642368,635740,638413,46.8,2664,4949,LARGE,129,,
55,4974,8948,642425,633465,637451,46.6,3974,4952,LARGE,129,,
64,5917,11007,642474,631461,636557,46.5,5090,4946,LARGE,129,,
