pids,instantiation times,start times,finish times,average wait times,turnaround times,average queue lengths,response times,required cpu times,process sizes,turnaround times,efficiency,average response time,average queue length
1,801,804,853,706.631847315876,52,1.0,3,45,TINY,2,0.7985995615361354,3.102,141
4,1861,1868,2112,706.631847315876,251,3.0,7,204,LARGE,2,,,
0,551,552,2191,706.631847315876,1640,1.2,1,405,LARGE,5,,,
5,2186,2192,2404,706.631847315876,218,2.0,6,186,SMALL,2,,,
2,865,875,2610,706.631847315876,1745,1.5,10,492,LARGE,4,,,
6,2991,3000,3031,706.631847315876,40,1.0,9,29,TINY,2,,,
3,1083,1084,3160,706.631847315876,2077,1.3,1,988,LARGE,3,,,
10,3463,3469,3656,706.631847315876,193,3.3,6,54,SMALL,4,,,
12,3656,3657,3701,706.631847315876,45,4.0,1,36,TINY,2,,,
13,3779,3783,3804,706.631847315876,25,4.0,4,17,TINY,2,,,
14,4066,4072,4126,706.631847315876,60,4.0,6,44,TINY,2,,,
9,3426,3437,4440,706.631847315876,1014,3.1,11,167,SMALL,7,,,
15,4162,4163,4631,706.631847315876,469,3.8,1,205,LARGE,3,,,
20,6178,6179,6241,706.631847315876,63,7.0,1,50,TINY,2,,,
19,5969,5974,6639,706.631847315876,670,6.1,5,178,SMALL,4,,,
24,6910,6915,6957,706.631847315876,47,9.0,5,34,TINY,2,,,
26,7181,7183,7237,706.631847315876,56,10.0,2,44,TINY,2,,,
28,7552,7553,7877,706.631847315876,325,11.0,1,104,SMALL,4,,,
29,7747,7748,7940,706.631847315876,193,11.8,1,126,SMALL,2,,,
25,6960,6963,8768,706.631847315876,1808,9.2,3,214,LARGE,9,,,
23,6805,6810,8805,706.631847315876,2000,8.8,5,217,LARGE,10,,,
32,8870,8871,9089,706.631847315876,219,11.0,1,175,SMALL,2,,,
35,9292,9295,9437,706.631847315876,145,13.0,3,50,TINY,3,,,
34,9248,9250,9655,706.631847315876,407,12.2,2,138,SMALL,3,,,
39,9919,9921,9983,706.631847315876,64,15.0,2,50,TINY,2,,,
44,10325,10329,10520,706.631847315876,195,19.0,4,65,SMALL,3,,,
45,10605,10606,10634,706.631847315876,29,19.0,1,23,TINY,2,,,
47,11041,11045,11087,706.631847315876,46,20.0,4,34,TINY,2,,,
36,9715,9716,11329,706.631847315876,1614,15.2,1,125,SMALL,13,,,
41,10103,10104,11426,706.631847315876,1323,18.1,1,133,SMALL,10,,,
51,11569,11572,11849,706.631847315876,280,21.1,3,78,SMALL,4,,,
58,12833,12835,12852,706.631847315876,19,27.0,2,10,TINY,2,,,
57,12823,12825,12862,706.631847315876,39,26.2,2,20,TINY,2,,,
43,10249,10254,13295,706.631847315876,3046,18.9,5,146,SMALL,21,,,
61,13424,13426,13455,706.631847315876,31,27.0,2,24,TINY,2,,,
62,13648,13651,13698,706.631847315876,50,27.0,3,38,TINY,2,,,
64,14007,14009,14043,706.631847315876,36,28.0,2,28,TINY,2,,,
66,14250,14254,14515,706.631847315876,265,29.0,4,161,SMALL,2,,,
70,15192,15196,15220,706.631847315876,28,32.0,4,20,TINY,2,,,
72,15519,15521,15569,706.631847315876,50,33.0,2,39,TINY,2,,,
73,15635,15640,15663,706.631847315876,28,33.0,5,19,TINY,2,,,
74,15913,15914,15975,706.631847315876,62,33.0,1,49,TINY,2,,,
75,16088,16091,16142,706.631847315876,54,33.0,3,41,TINY,2,,,
76,16180,16183,16247,706.631847315876,67,34.4,3,20,TINY,4,,,
78,16199,16203,16366,706.631847315876,167,34.8,4,43,TINY,4,,,
80,16368,16372,16606,706.631847315876,238,35.0,4,92,SMALL,3,,,
84,17392,17397,17519,706.631847315876,127,38.0,5,50,TINY,3,,,
87,17887,17890,17931,706.631847315876,44,40.0,3,33,TINY,2,,,
85,17539,17540,18071,706.631847315876,532,38.8,1,148,SMALL,4,,,
90,18257,18262,18364,706.631847315876,107,41.0,5,50,TINY,3,,,
92,18442,18445,18569,706.631847315876,127,42.9,3,48,TINY,3,,,
93,18448,18450,18694,706.631847315876,246,42.5,2,80,SMALL,4,,,
89,18179,18182,18746,706.631847315876,567,40.7,3,93,SMALL,7,,,
96,18869,18872,18913,706.631847315876,44,43.0,3,33,TINY,2,,,
94,18750,18752,19167,706.631847315876,417,42.1,2,99,SMALL,5,,,
105,20715,20718,20961,706.631847315876,246,50.7,3,67,SMALL,4,,,
108,21218,21222,21255,706.631847315876,37,52.0,4,27,TINY,2,,,
102,20085,20088,21290,706.631847315876,1205,48.2,3,144,SMALL,9,,,
112,21514,21516,21553,706.631847315876,39,54.0,2,30,TINY,2,,,
113,21815,21819,21838,706.631847315876,23,54.0,4,16,TINY,2,,,
103,20217,20218,22103,706.631847315876,1886,49.3,1,164,SMALL,12,,,
114,22423,22424,22827,706.631847315876,404,53.8,1,83,SMALL,5,,,
116,22621,22624,23074,706.631847315876,453,55.2,3,145,SMALL,4,,,
121,23672,23675,23693,706.631847315876,21,58.0,3,15,TINY,2,,,
122,23818,23819,23840,706.631847315876,22,58.0,1,17,TINY,2,,,
120,23582,23585,23860,706.631847315876,278,57.0,3,160,SMALL,2,,,
91,18393,18395,23909,706.631847315876,5516,42.8,2,183,SMALL,31,,,
124,24023,24025,24347,706.631847315876,324,57.0,2,162,SMALL,2,,,
118,23199,23200,26131,706.631847315876,2932,55.2,1,187,SMALL,16,,,
133,26307,26312,26364,706.631847315876,57,64.0,5,42,TINY,2,,,
136,26680,26685,26723,706.631847315876,43,66.0,5,31,TINY,2,,,
141,27859,27864,27922,706.631847315876,63,70.0,5,47,TINY,2,,,
143,28010,28013,28065,706.631847315876,55,71.4,3,18,TINY,4,,,
142,27996,27998,28564,706.631847315876,568,71.6,2,147,SMALL,4,,,
145,28144,28146,28622,706.631847315876,478,71.9,2,166,SMALL,3,,,
144,28028,28033,28625,706.631847315876,597,71.6,5,170,SMALL,4,,,
107,20849,20853,28670,706.631847315876,7821,52.1,4,192,SMALL,41,,,
139,27501,27504,28937,706.631847315876,1436,68.3,3,193,SMALL,8,,,
147,29098,29103,29145,706.631847315876,47,69.0,5,22,TINY,3,,,
152,30073,30076,30129,706.631847315876,56,73.0,3,27,TINY,3,,,
150,30021,30026,30223,706.631847315876,202,71.7,5,35,TINY,6,,,
156,30523,30524,30621,706.631847315876,98,75.0,1,78,SMALL,2,,,
157,30779,30782,30846,706.631847315876,67,75.4,3,28,TINY,3,,,
159,30908,30912,30975,706.631847315876,67,76.3,4,27,TINY,3,,,
160,30935,30937,31109,706.631847315876,174,76.2,2,103,SMALL,2,,,
163,31155,31160,31368,706.631847315876,213,78.1,5,47,TINY,5,,,
158,30798,30802,32250,706.631847315876,1452,76.3,4,125,SMALL,12,,,
171,33206,33211,33239,706.631847315876,33,84.0,5,23,TINY,2,,,
167,31787,31789,33471,706.631847315876,1684,81.0,2,165,SMALL,11,,,
173,33856,33857,34656,706.631847315876,800,84.6,1,156,SMALL,6,,,
178,35059,35062,35075,706.631847315876,16,88.0,3,11,TINY,2,,,
179,35273,35276,35307,706.631847315876,34,88.0,3,25,TINY,2,,,
172,33695,33697,35386,706.631847315876,1691,84.3,2,195,SMALL,9,,,
182,35930,35932,35956,706.631847315876,26,89.0,2,20,TINY,2,,,
181,35903,35907,36129,706.631847315876,226,88.0,4,158,SMALL,2,,,
184,36271,36275,36338,706.631847315876,67,89.0,4,51,SMALL,2,,,
187,36474,36479,36492,706.631847315876,18,91.0,5,11,TINY,2,,,
188,36784,36788,36939,706.631847315876,155,91.9,4,61,SMALL,3,,,
193,37698,37700,37733,706.631847315876,35,95.0,2,27,TINY,2,,,
194,37794,37799,37841,706.631847315876,47,95.0,5,34,TINY,2,,,
196,38123,38127,38178,706.631847315876,55,96.3,4,21,TINY,3,,,
198,38296,38299,38336,706.631847315876,40,97.0,3,30,TINY,2,,,
197,38143,38147,38461,706.631847315876,318,96.2,4,120,SMALL,3,,,
199,38467,38472,38600,706.631847315876,133,96.0,5,103,SMALL,2,,,
200,38606,38611,39138,706.631847315876,532,96.2,5,186,SMALL,3,,,
190,37074,37075,39200,706.631847315876,2126,92.6,1,193,SMALL,12,,,
202,39443,39446,39474,706.631847315876,31,96.0,3,23,TINY,2,,,
211,41583,41585,41606,706.631847315876,23,104.0,2,17,TINY,2,,,
210,41190,41195,41626,706.631847315876,436,103.0,5,160,SMALL,3,,,
215,42391,42392,42415,706.631847315876,24,106.0,1,19,TINY,2,,,
214,42303,42307,42512,706.631847315876,209,105.0,4,73,SMALL,3,,,
213,42301,42302,42530,706.631847315876,229,104.8,1,90,SMALL,3,,,
216,42926,42931,42980,706.631847315876,54,104.0,5,40,TINY,2,,,
218,43018,43021,43070,706.631847315876,52,105.0,3,24,TINY,3,,,
221,43442,43446,43480,706.631847315876,38,107.0,4,28,TINY,2,,,
223,43686,43691,43769,706.631847315876,83,108.0,5,47,TINY,2,,,
226,44533,44535,44596,706.631847315876,63,110.0,2,49,TINY,2,,,
224,44052,44055,44728,706.631847315876,676,108.9,3,197,SMALL,4,,,
227,44730,44734,44751,706.631847315876,21,109.0,4,14,TINY,2,,,
81,17042,17047,45050,706.631847315876,28008,44.4,5,219,LARGE,128,,,
230,46388,46391,46415,706.631847315876,27,110.0,3,20,TINY,2,,,
234,46766,46771,46833,706.631847315876,67,113.0,5,50,TINY,2,,,
238,47255,47259,47656,706.631847315876,401,116.0,4,114,SMALL,4,,,
242,48114,48117,48254,706.631847315876,140,119.6,3,38,TINY,4,,,
237,47087,47089,48884,706.631847315876,1797,115.8,2,148,SMALL,13,,,
240,47771,47772,49058,706.631847315876,1287,117.6,1,159,SMALL,9,,,
246,49085,49089,49106,706.631847315876,21,120.0,4,14,TINY,2,,,
247,49178,49182,49316,706.631847315876,138,120.0,4,108,SMALL,2,,,
249,49604,49607,49633,706.631847315876,29,121.0,3,21,TINY,2,,,
248,49511,49512,49725,706.631847315876,214,120.0,1,149,SMALL,2,,,
250,49977,49981,50002,706.631847315876,25,120.0,4,17,TINY,2,,,
235,46866,46869,50134,706.631847315876,3268,116.1,3,213,LARGE,16,,,
251,50452,50455,50638,706.631847315876,186,119.0,3,147,SMALL,2,,,
254,51280,51284,51413,706.631847315876,133,121.0,4,48,TINY,3,,,
255,51465,51469,51487,706.631847315876,22,121.0,4,15,TINY,2,,,
252,51233,51234,51627,706.631847315876,394,120.1,1,128,SMALL,4,,,
256,51719,51723,51736,706.631847315876,17,120.0,4,11,TINY,2,,,
262,52286,52287,52311,706.631847315876,25,125.0,1,20,TINY,2,,,
261,52122,52127,52526,706.631847315876,404,124.0,5,104,SMALL,4,,,
264,52680,52682,52820,706.631847315876,140,125.0,2,107,SMALL,2,,,
265,52924,52926,53529,706.631847315876,605,125.7,2,123,SMALL,5,,,
270,53607,53610,53654,706.631847315876,47,129.0,3,28,TINY,2,,,
269,53583,53585,53679,706.631847315876,96,128.2,2,48,TINY,2,,,
259,52085,52087,53754,706.631847315876,1669,124.0,2,144,SMALL,12,,,
275,54978,54980,55206,706.631847315876,228,132.2,2,37,TINY,7,,,
280,55309,55312,55325,706.631847315876,16,135.0,3,11,TINY,2,,,
281,55476,55481,55534,706.631847315876,58,135.0,5,43,TINY,2,,,
274,54825,54830,55923,706.631847315876,1098,131.0,5,159,SMALL,7,,,
282,56099,56104,56213,706.631847315876,114,134.0,5,88,SMALL,2,,,
276,54992,54995,56545,706.631847315876,1553,133.5,3,205,LARGE,8,,,
279,55152,55155,56688,706.631847315876,1536,133.8,3,214,LARGE,8,,,
285,56910,56919,57042,706.631847315876,132,134.8,9,35,TINY,4,,,
283,56836,56839,57335,706.631847315876,499,132.5,3,74,SMALL,7,,,
291,58492,58496,58552,706.631847315876,60,138.0,4,45,TINY,2,,,
290,58332,58336,58601,706.631847315876,269,137.0,4,167,SMALL,2,,,
294,59163,59167,59210,706.631847315876,47,139.0,4,35,TINY,2,,,
293,59014,59017,59303,706.631847315876,289,138.0,3,194,SMALL,2,,,
295,60482,60484,60617,706.631847315876,135,138.4,2,55,SMALL,3,,,
297,60855,60858,60930,706.631847315876,75,139.5,3,30,TINY,3,,,
298,60875,60878,61028,706.631847315876,153,139.3,3,106,SMALL,2,,,
208,41004,41005,61301,706.631847315876,20297,104.5,1,238,LARGE,86,,,
306,62356,62357,62389,706.631847315876,33,145.0,1,26,TINY,2,,,
307,62388,62390,62448,706.631847315876,60,145.0,2,47,TINY,2,,,
303,61890,61892,62605,706.631847315876,715,142.7,2,113,SMALL,7,,,
309,62806,62811,62858,706.631847315876,52,145.0,5,38,TINY,2,,,
314,63202,63204,63233,706.631847315876,31,149.0,2,20,TINY,2,,,
316,63491,63494,63867,706.631847315876,376,150.0,3,95,SMALL,4,,,
318,63995,63998,64024,706.631847315876,29,151.0,3,21,TINY,2,,,
319,64380,64385,64419,706.631847315876,39,151.0,5,28,TINY,2,,,
301,61684,61687,64548,706.631847315876,2864,142.5,3,159,SMALL,19,,,
321,64881,64884,64958,706.631847315876,77,151.0,3,48,TINY,2,,,
324,65719,65724,65766,706.631847315876,47,153.0,5,34,TINY,2,,,
323,65631,65634,65783,706.631847315876,152,152.0,3,85,SMALL,2,,,
326,66026,66029,66287,706.631847315876,261,153.6,3,71,SMALL,4,,,
337,67519,67523,67561,706.631847315876,42,163.0,4,31,TINY,2,,,
329,66308,66313,67619,706.631847315876,1311,158.3,5,118,SMALL,12,,,
340,67902,67905,67939,706.631847315876,37,164.0,3,28,TINY,2,,,
333,66668,66673,68527,706.631847315876,1859,161.2,5,146,SMALL,13,,,
345,68957,68958,68971,706.631847315876,14,167.0,1,11,TINY,2,,,
346,69053,69057,69120,706.631847315876,67,167.6,4,27,TINY,3,,,
349,69300,69301,69344,706.631847315876,44,169.0,1,35,TINY,2,,,
343,68575,68578,69473,706.631847315876,898,165.2,3,135,SMALL,7,,,
355,70049,70054,70093,706.631847315876,44,173.0,5,32,TINY,2,,,
358,70316,70319,70382,706.631847315876,66,175.0,3,51,SMALL,2,,,
350,69514,69519,70642,706.631847315876,1128,170.1,5,120,SMALL,10,,,
357,70138,70139,71652,706.631847315876,1514,173.7,1,168,SMALL,10,,,
365,72189,72193,72270,706.631847315876,81,179.0,4,62,SMALL,2,,,
361,71757,71758,72453,706.631847315876,696,176.5,1,94,SMALL,8,,,
367,72636,72639,72661,706.631847315876,25,179.0,3,18,TINY,2,,,
366,72293,72296,73005,706.631847315876,712,178.8,3,127,SMALL,6,,,
372,73616,73621,73734,706.631847315876,118,182.2,5,47,TINY,3,,,
369,72695,72697,74141,706.631847315876,1446,180.2,2,161,SMALL,9,,,
375,74184,74187,74269,706.631847315876,85,183.0,3,66,SMALL,2,,,
377,74395,74400,74423,706.631847315876,28,184.0,5,19,TINY,2,,,
379,75083,75084,75122,706.631847315876,39,185.0,1,31,TINY,2,,,
380,75161,75163,75262,706.631847315876,101,185.0,2,80,SMALL,2,,,
381,75327,75328,75467,706.631847315876,140,185.4,1,40,TINY,4,,,
385,75854,75858,76587,706.631847315876,733,189.1,4,120,SMALL,7,,,
387,76087,76088,76616,706.631847315876,529,190.8,1,123,SMALL,5,,,
394,77943,77947,78089,706.631847315876,146,195.0,4,114,SMALL,2,,,
342,68546,68548,78136,706.631847315876,9590,168.0,2,181,SMALL,53,,,
395,78379,78382,78414,706.631847315876,35,194.0,3,26,TINY,2,,,
373,73666,73671,78459,706.631847315876,4793,182.8,5,188,SMALL,26,,,
399,79010,79015,79383,706.631847315876,373,196.6,5,79,SMALL,5,,,
403,79563,79564,79600,706.631847315876,37,199.0,1,29,TINY,2,,,
401,79228,79230,79665,706.631847315876,437,198.0,2,108,SMALL,5,,,
402,79401,79404,80192,706.631847315876,791,197.9,3,165,SMALL,5,,,
397,78674,78675,80232,706.631847315876,1558,195.0,1,176,SMALL,9,,,
404,79708,79711,80707,706.631847315876,999,197.9,3,180,SMALL,6,,,
407,80807,80808,80837,706.631847315876,30,198.0,1,24,TINY,2,,,
410,81503,81508,81600,706.631847315876,97,200.9,5,26,TINY,4,,,
412,81534,81538,81698,706.631847315876,164,201.4,4,62,SMALL,3,,,
376,74281,74285,82385,706.631847315876,8104,184.1,4,193,SMALL,42,,,
416,82932,82936,83230,706.631847315876,298,203.4,4,120,SMALL,3,,,
417,83016,83021,83237,706.631847315876,221,203.9,5,121,SMALL,2,,,
422,84217,84223,84886,706.631847315876,669,207.8,6,115,SMALL,6,,,
426,85140,85142,85210,706.631847315876,70,211.0,2,27,TINY,3,,,
434,85924,85926,86009,706.631847315876,85,217.9,2,35,TINY,3,,,
432,85750,85751,86122,706.631847315876,372,215.8,1,82,SMALL,5,,,
437,86238,86243,86290,706.631847315876,52,218.0,5,34,TINY,2,,,
436,86202,86203,86308,706.631847315876,106,217.1,1,50,TINY,3,,,
439,86609,86614,86646,706.631847315876,37,218.0,5,26,TINY,2,,,
438,86577,86579,86671,706.631847315876,94,217.0,2,48,TINY,2,,,
431,85529,85531,86800,706.631847315876,1271,214.8,2,131,SMALL,10,,,
433,85787,85791,86944,706.631847315876,1157,215.9,4,147,SMALL,8,,,
440,86978,86980,87044,706.631847315876,66,215.0,2,52,SMALL,2,,,
423,84413,84418,87124,706.631847315876,2711,208.4,5,164,SMALL,17,,,
442,87479,87480,87511,706.631847315876,32,215.0,1,25,TINY,2,,,
445,87984,87987,88120,706.631847315876,136,217.1,3,39,TINY,4,,,
447,88540,88541,88590,706.631847315876,50,218.0,1,40,TINY,2,,,
443,87925,87927,88598,706.631847315876,673,216.8,2,154,SMALL,5,,,
451,89214,89219,89326,706.631847315876,112,220.2,5,30,TINY,4,,,
452,89250,89254,89779,706.631847315876,529,221.7,4,82,SMALL,7,,,
455,89511,89512,90071,706.631847315876,560,223.1,1,105,SMALL,6,,,
458,90115,90117,90136,706.631847315876,21,224.0,2,16,TINY,2,,,
459,90172,90177,90195,706.631847315876,23,224.0,5,15,TINY,2,,,
460,90291,90296,90328,706.631847315876,37,224.0,5,26,TINY,2,,,
464,90780,90784,90840,706.631847315876,60,227.0,4,45,TINY,2,,,
465,91181,91186,91287,706.631847315876,106,227.0,5,81,SMALL,2,,,
450,89133,89134,91367,706.631847315876,2234,221.8,1,172,SMALL,13,,,
466,91660,91663,91750,706.631847315876,90,226.0,3,70,SMALL,2,,,
454,89384,89387,91778,706.631847315876,2394,223.2,3,198,SMALL,13,,,
471,92129,92134,92360,706.631847315876,231,230.0,5,33,TINY,7,,,
472,92171,92174,92688,706.631847315876,517,230.1,3,86,SMALL,7,,,
470,92124,92129,92725,706.631847315876,601,229.9,5,93,SMALL,7,,,
474,92935,92936,92978,706.631847315876,43,229.0,1,34,TINY,2,,,
475,93074,93079,93141,706.631847315876,67,229.0,5,50,TINY,2,,,
468,92101,92104,93169,706.631847315876,1068,228.8,3,186,SMALL,6,,,
328,66195,66199,93274,706.631847315876,27079,166.9,4,208,LARGE,131,,,
476,93722,93725,93777,706.631847315876,55,227.0,3,42,TINY,2,,,
449,88834,88839,94091,706.631847315876,5257,220.0,5,211,LARGE,25,,,
477,94660,94662,94803,706.631847315876,143,226.0,2,113,SMALL,2,,,
479,95033,95034,95640,706.631847315876,607,227.1,1,141,SMALL,5,,,
484,95834,95836,95869,706.631847315876,35,231.0,2,27,TINY,2,,,
487,95974,95975,96042,706.631847315876,68,233.0,1,42,TINY,2,,,
481,95347,95349,96647,706.631847315876,1300,229.5,2,168,SMALL,8,,,
488,96717,96718,96860,706.631847315876,143,232.0,1,114,SMALL,2,,,
478,94929,94934,96875,706.631847315876,1946,227.6,5,180,SMALL,11,,,
489,97209,97211,97232,706.631847315876,23,231.0,2,17,TINY,2,,,
490,97240,97243,97477,706.631847315876,237,231.5,3,96,SMALL,3,,,
495,98586,98588,98662,706.631847315876,76,235.1,2,32,TINY,3,,,
496,98619,98623,98675,706.631847315876,56,235.7,4,38,TINY,2,,,
498,99406,99411,99457,706.631847315876,51,236.0,5,37,TINY,2,,,
499,99793,99798,99866,706.631847315876,73,236.0,5,55,SMALL,2,,,
65,14076,14079,102778,706.631847315876,88702,48.2,3,245,LARGE,363,,,
258,51977,51982,103235,706.631847315876,51258,129.2,5,245,LARGE,210,,,
312,63047,63049,103364,706.631847315876,40317,166.1,2,247,LARGE,164,,,
320,64837,64839,103381,706.631847315876,38544,167.1,2,245,LARGE,158,,,
266,53019,53021,105536,706.631847315876,52517,134.7,2,256,LARGE,206,,,
313,63179,63184,105651,706.631847315876,42472,168.3,5,256,LARGE,166,,,
154,30145,30150,106425,706.631847315876,76280,95.0,5,259,LARGE,295,,,
185,36414,36419,106502,706.631847315876,70088,105.6,5,257,LARGE,273,,,
486,95918,95920,110545,706.631847315876,14627,231.6,2,270,LARGE,55,,,
146,29086,29088,110884,706.631847315876,81798,95.7,2,275,LARGE,298,,,
272,54069,54070,114492,706.631847315876,60423,145.8,1,286,LARGE,212,,,
110,21359,21361,116337,706.631847315876,94978,94.3,2,296,LARGE,321,,,
233,46595,46596,116635,706.631847315876,70040,137.7,1,294,LARGE,239,,,
289,58089,58091,116738,706.631847315876,58649,153.3,2,294,LARGE,200,,,
308,62617,62621,116777,706.631847315876,54160,173.6,4,295,LARGE,184,,,
368,72675,72677,116926,706.631847315876,44251,196.7,2,295,LARGE,151,,,
462,90473,90474,117150,706.631847315876,26677,226.6,1,295,LARGE,91,,,
492,97612,97613,117200,706.631847315876,19588,231.2,1,296,LARGE,67,,,
149,29926,29931,118600,706.631847315876,88674,112.6,5,304,LARGE,292,,,
189,36795,36798,119758,706.631847315876,82963,124.6,3,306,LARGE,272,,,
311,63043,63044,120002,706.631847315876,56959,177.3,1,307,LARGE,186,,,
325,65792,65794,120019,706.631847315876,54227,179.7,2,305,LARGE,178,,,
415,82640,82641,120259,706.631847315876,37619,210.6,1,308,LARGE,123,,,
138,26817,26819,121757,706.631847315876,94940,110.5,2,314,LARGE,303,,,
305,62281,62282,122090,706.631847315876,59809,175.5,1,314,LARGE,191,,,
40,10097,10099,122552,706.631847315876,112455,82.8,2,317,LARGE,355,,,
88,18169,18172,122667,706.631847315876,104498,97.2,3,320,LARGE,327,,,
287,57143,57148,123084,706.631847315876,65941,157.2,5,317,LARGE,209,,,
97,18976,18979,123697,706.631847315876,104721,99.2,3,322,LARGE,326,,,
176,34428,34432,124906,706.631847315876,90478,126.3,4,327,LARGE,277,,,
296,60528,60529,125130,706.631847315876,64602,160.5,1,327,LARGE,198,,,
49,11453,11457,125628,706.631847315876,114175,88.3,4,330,LARGE,346,,,
46,10728,10730,129623,706.631847315876,118895,92.9,2,348,LARGE,342,,,
386,75916,75918,130325,706.631847315876,54409,203.3,2,345,LARGE,158,,,
166,31728,31729,130880,706.631847315876,99152,128.4,1,352,LARGE,282,,,
30,8222,8226,131579,706.631847315876,123357,76.1,4,355,LARGE,348,,,
125,24502,24503,132746,706.631847315876,108244,117.0,1,357,LARGE,304,,,
134,26459,26460,132783,706.631847315876,106324,120.9,1,357,LARGE,298,,,
424,84557,84558,133376,706.631847315876,48819,213.9,1,358,LARGE,137,,,
428,85223,85226,134356,706.631847315876,49133,215.9,3,364,LARGE,135,,,
60,13042,13043,134563,706.631847315876,121521,101.7,1,365,LARGE,333,,,
228,45868,45871,134895,706.631847315876,89027,146.8,3,365,LARGE,244,,,
195,38096,38097,136730,706.631847315876,98634,140.5,1,376,LARGE,263,,,
332,66564,66568,136968,706.631847315876,70404,189.9,4,374,LARGE,189,,,
491,97296,97298,137307,706.631847315876,40011,225.0,2,375,LARGE,107,,,
236,46955,46959,137757,706.631847315876,90802,152.7,4,380,LARGE,239,,,
371,73214,73216,138009,706.631847315876,64795,198.5,2,377,LARGE,172,,,
339,67758,67760,139815,706.631847315876,72057,191.0,2,385,LARGE,188,,,
330,66355,66358,140730,706.631847315876,74375,189.4,3,392,LARGE,190,,,
7,3266,3267,142025,706.631847315876,138759,20.0,1,398,LARGE,349,,,
253,51248,51249,143420,706.631847315876,92172,156.4,1,404,LARGE,229,,,
398,78994,78995,143693,706.631847315876,64699,204.9,1,402,LARGE,161,,,
429,85303,85306,144688,706.631847315876,59385,213.0,3,408,LARGE,146,,,
53,11894,11895,146705,706.631847315876,134811,110.5,1,417,LARGE,324,,,
277,55044,55045,147128,706.631847315876,92084,164.9,1,418,LARGE,221,,,
42,10134,10139,147596,706.631847315876,137462,109.9,5,422,LARGE,326,,,
59,12895,12898,147629,706.631847315876,134734,112.5,3,422,LARGE,320,,,
456,89671,89672,149264,706.631847315876,59593,216.2,1,428,LARGE,140,,,
52,11729,11732,149401,706.631847315876,137672,112.3,3,429,LARGE,321,,,
174,33995,33997,150524,706.631847315876,116529,141.6,2,434,LARGE,269,,,
219,43326,43331,150607,706.631847315876,107281,151.5,5,434,LARGE,248,,,
239,47511,47514,151517,706.631847315876,104006,157.3,3,440,LARGE,237,,,
461,90449,90454,151916,706.631847315876,61467,215.8,5,439,LARGE,141,,,
37,9738,9741,152026,706.631847315876,142288,111.2,3,444,LARGE,321,,,
244,48206,48207,153261,706.631847315876,105055,158.5,1,448,LARGE,235,,,
170,33129,33131,153994,706.631847315876,120865,141.5,2,450,LARGE,269,,,
444,87938,87942,154473,706.631847315876,66535,210.6,4,451,LARGE,148,,,
21,6364,6367,154575,706.631847315876,148211,97.5,3,453,LARGE,328,,,
354,69805,69809,155134,706.631847315876,85329,192.0,4,455,LARGE,188,,,
135,26557,26560,156453,706.631847315876,129896,134.6,3,463,LARGE,281,,,
391,76998,77002,156883,706.631847315876,79885,198.9,4,464,LARGE,173,,,
494,98015,98018,157051,706.631847315876,59036,217.2,3,462,LARGE,128,,,
217,43007,43011,157421,706.631847315876,114414,151.5,4,468,LARGE,245,,,
302,61829,61832,157540,706.631847315876,95711,178.6,3,467,LARGE,205,,,
109,21348,21351,158040,706.631847315876,136692,129.7,3,472,LARGE,290,,,
317,63746,63749,158367,706.631847315876,94621,181.3,3,469,LARGE,202,,,
335,66836,66838,158392,706.631847315876,91556,187.6,2,472,LARGE,194,,,
111,21414,21416,158845,706.631847315876,137431,130.1,2,474,LARGE,290,,,
82,17132,17137,159590,706.631847315876,142458,124.4,5,480,LARGE,297,,,
231,46439,46441,159847,706.631847315876,113408,156.6,2,477,LARGE,238,,,
356,70091,70094,160801,706.631847315876,90710,190.4,3,483,LARGE,188,,,
480,95273,95274,161015,706.631847315876,65742,212.6,1,483,LARGE,137,,,
86,17584,17585,161930,706.631847315876,144346,126.0,1,492,LARGE,294,,,
201,38832,38836,162882,706.631847315876,124050,148.6,4,493,LARGE,252,,,
222,43648,43651,162927,706.631847315876,119279,153.1,3,496,LARGE,241,,,
263,52549,52552,164481,706.631847315876,111932,161.4,3,503,LARGE,223,,,
338,67629,67630,164581,706.631847315876,96952,185.6,1,504,LARGE,193,,,
446,88059,88062,165534,706.631847315876,77475,204.6,3,506,LARGE,154,,,
16,5107,5114,165598,706.631847315876,160491,52.2,7,508,LARGE,316,,,
493,97958,97963,167797,706.631847315876,69839,210.0,5,519,LARGE,135,,,
341,68120,68125,168275,706.631847315876,100155,184.6,5,522,LARGE,192,,,
392,77505,77507,170553,706.631847315876,93048,192.6,2,534,LARGE,175,,,
48,11102,11103,171473,706.631847315876,160371,120.7,1,544,LARGE,295,,,
310,63004,63009,172578,706.631847315876,109574,176.0,5,548,LARGE,200,,,
463,90549,90554,172820,706.631847315876,82271,203.5,5,545,LARGE,151,,,
204,39671,39675,173152,706.631847315876,133481,148.4,4,549,LARGE,244,,,
419,83764,83768,173470,706.631847315876,89706,195.1,4,550,LARGE,164,,,
33,9242,9245,173592,706.631847315876,164350,117.1,3,553,LARGE,298,,,
206,40387,40390,174544,706.631847315876,134157,148.9,3,557,LARGE,241,,,
153,30131,30135,175148,706.631847315876,145017,141.1,4,563,LARGE,258,,,
448,88748,88749,175573,706.631847315876,86825,199.3,1,564,LARGE,154,,,
98,19391,19393,175728,706.631847315876,156337,129.6,2,568,LARGE,276,,,
161,31130,31135,175835,706.631847315876,144705,141.9,5,565,LARGE,257,,,
162,31133,31140,176502,706.631847315876,145369,141.8,7,569,LARGE,256,,,
104,20288,20293,177074,706.631847315876,156786,131.5,5,573,LARGE,274,,,
54,12271,12275,178313,706.631847315876,166042,122.4,4,583,LARGE,285,,,
220,43384,43386,179201,706.631847315876,135817,150.9,2,586,LARGE,232,,,
50,11487,11492,179609,706.631847315876,168122,122.1,5,590,LARGE,285,,,
390,76893,76897,180074,706.631847315876,103181,186.7,4,592,LARGE,175,,,
389,76436,76438,180708,706.631847315876,104272,186.3,2,595,LARGE,176,,,
31,8313,8316,181507,706.631847315876,173194,111.3,3,603,LARGE,288,,,
183,36205,36210,182332,706.631847315876,146127,144.3,5,608,LARGE,241,,,
363,71906,71908,182550,706.631847315876,110644,181.2,2,606,LARGE,183,,,
271,53868,53870,183043,706.631847315876,129175,157.6,2,610,LARGE,212,,,
243,48139,48142,183627,706.631847315876,135488,154.2,3,615,LARGE,221,,,
267,53127,53131,183645,706.631847315876,130518,157.2,4,614,LARGE,213,,,
268,53368,53371,183649,706.631847315876,130281,157.5,3,615,LARGE,212,,,
292,58770,58772,184271,706.631847315876,125501,160.2,2,617,LARGE,204,,,
331,66410,66413,184305,706.631847315876,117895,175.3,3,619,LARGE,191,,,
359,71368,71373,184347,706.631847315876,112979,178.8,5,617,LARGE,184,,,
425,85111,85112,184465,706.631847315876,99354,190.6,1,618,LARGE,161,,,
126,24655,24658,184665,706.631847315876,160010,133.7,3,624,LARGE,257,,,
225,44072,44075,185368,706.631847315876,141296,149.7,3,626,LARGE,226,,,
137,26788,26789,186402,706.631847315876,159614,135.6,1,635,LARGE,252,,,
388,76117,76118,186671,706.631847315876,110554,181.8,1,635,LARGE,175,,,
418,83534,83538,186726,706.631847315876,103192,185.4,4,636,LARGE,163,,,
362,71769,71773,187188,706.631847315876,115419,177.8,4,637,LARGE,182,,,
117,22690,22694,189101,706.631847315876,166411,131.4,4,654,LARGE,255,,,
191,37281,37285,189206,706.631847315876,151925,143.2,4,656,LARGE,232,,,
11,3540,3542,189529,706.631847315876,185989,73.3,2,656,LARGE,284,,,
288,57207,57208,189824,706.631847315876,132617,156.6,1,660,LARGE,201,,,
304,61949,61952,190361,706.631847315876,128412,165.0,3,661,LARGE,195,,,
165,31576,31579,190760,706.631847315876,159184,138.4,3,667,LARGE,239,,,
241,47957,47962,190832,706.631847315876,142875,150.3,5,665,LARGE,215,,,
77,16184,16188,191167,706.631847315876,174983,124.5,4,672,LARGE,261,,,
140,27655,27659,191250,706.631847315876,163595,134.7,4,670,LARGE,245,,,
192,37301,37305,191304,706.631847315876,154003,142.2,4,671,LARGE,230,,,
273,54518,54520,191358,706.631847315876,136840,153.7,2,671,LARGE,204,,,
351,69604,69609,191428,706.631847315876,121824,172.6,5,672,LARGE,182,,,
99,19693,19698,191688,706.631847315876,171995,127.7,5,676,LARGE,255,,,
71,15291,15296,192153,706.631847315876,176862,123.5,5,680,LARGE,261,,,
284,56909,56914,193287,706.631847315876,136378,154.0,5,687,LARGE,199,,,
119,23415,23420,194554,706.631847315876,171139,129.5,5,697,LARGE,246,,,
100,19932,19933,195004,706.631847315876,175072,127.3,1,704,LARGE,249,,,
413,81891,81894,195306,706.631847315876,113415,176.6,3,701,LARGE,162,,,
453,89282,89284,195801,706.631847315876,106519,182.3,2,708,LARGE,151,,,
123,23939,23940,195935,706.631847315876,171996,128.9,1,711,LARGE,242,,,
300,61524,61527,196084,706.631847315876,134560,159.7,3,711,LARGE,190,,,
405,80246,80248,196192,706.631847315876,115946,174.5,2,710,LARGE,164,,,
482,95645,95646,196705,706.631847315876,101060,183.3,1,714,LARGE,142,,,
469,92104,92109,197130,706.631847315876,105026,182.2,5,720,LARGE,146,,,
175,34088,34092,197305,706.631847315876,163217,136.3,4,724,LARGE,226,,,
411,81527,81528,197927,706.631847315876,116400,173.3,1,725,LARGE,161,,,
327,66067,66069,198235,706.631847315876,132168,163.1,2,730,LARGE,182,,,
427,85141,85147,198358,706.631847315876,113217,176.4,6,730,LARGE,156,,,
69,14800,14801,198463,706.631847315876,183663,120.4,1,736,LARGE,250,,,
467,91857,91859,198787,706.631847315876,106930,179.0,2,735,LARGE,146,,,
186,36423,36424,200546,706.631847315876,164123,135.3,1,755,LARGE,218,,,
18,5740,5744,200793,706.631847315876,195053,106.1,4,757,LARGE,258,,,
148,29521,29526,200898,706.631847315876,171377,129.1,5,760,LARGE,226,,,
177,34674,34677,200926,706.631847315876,166252,133.8,3,758,LARGE,220,,,
212,41672,41677,200954,706.631847315876,159282,138.1,5,758,LARGE,211,,,
22,6664,6665,201178,706.631847315876,194514,106.4,1,763,LARGE,255,,,
203,39578,39580,201670,706.631847315876,162092,135.7,2,765,LARGE,212,,,
408,81018,81023,201835,706.631847315876,120817,167.8,5,768,LARGE,158,,,
56,12699,12700,201923,706.631847315876,189224,117.0,1,770,LARGE,246,,,
67,14573,14576,201933,706.631847315876,187360,117.8,3,772,LARGE,243,,,
168,32343,32346,202017,706.631847315876,169674,131.4,3,771,LARGE,221,,,
68,14793,14796,202281,706.631847315876,187488,118.0,3,775,LARGE,242,,,
132,26190,26192,202338,706.631847315876,176148,126.4,2,773,LARGE,228,,,
131,25688,25693,202665,706.631847315876,176977,126.0,5,777,LARGE,228,,,
79,16271,16273,202945,706.631847315876,186674,118.4,2,784,LARGE,239,,,
260,52102,52107,203055,706.631847315876,150953,142.4,5,784,LARGE,193,,,
286,56930,56934,203064,706.631847315876,146134,144.9,4,783,LARGE,187,,,
347,69071,69072,203407,706.631847315876,134336,158.4,1,786,LARGE,171,,,
421,84214,84218,203499,706.631847315876,119285,167.8,4,785,LARGE,152,,,
400,79113,79115,203778,706.631847315876,124665,164.4,2,791,LARGE,158,,,
420,84171,84173,204091,706.631847315876,119920,166.6,2,794,LARGE,152,,,
55,12503,12505,204156,706.631847315876,191653,114.9,2,800,LARGE,240,,,
374,73914,73915,204333,706.631847315876,130419,160.0,1,797,LARGE,164,,,
473,92256,92259,204400,706.631847315876,112144,171.1,3,797,LARGE,141,,,
207,40750,40755,204520,706.631847315876,163770,133.2,5,804,LARGE,204,,,
101,19954,19958,205270,706.631847315876,185316,119.6,4,816,LARGE,228,,,
245,48660,48665,205350,706.631847315876,156690,137.3,5,816,LARGE,193,,,
130,25371,25373,206082,706.631847315876,180711,121.7,2,825,LARGE,220,,,
127,24787,24788,206327,706.631847315876,181540,120.8,1,832,LARGE,219,,,
382,75367,75368,206460,706.631847315876,131093,156.8,1,830,LARGE,158,,,
106,20753,20758,206569,706.631847315876,185816,118.6,5,835,LARGE,223,,,
151,30055,30056,206588,706.631847315876,176533,124.6,1,835,LARGE,212,,,
278,55108,55110,206870,706.631847315876,151762,138.4,2,837,LARGE,182,,,
409,81168,81173,207194,706.631847315876,126026,157.7,5,843,LARGE,150,,,
155,30258,30259,207289,706.631847315876,177031,123.6,1,848,LARGE,209,,,
344,68823,68828,207579,706.631847315876,138756,150.1,5,852,LARGE,163,,,
435,85928,85931,207652,706.631847315876,121724,160.5,3,850,LARGE,144,,,
95,18770,18772,207709,706.631847315876,188939,115.1,2,853,LARGE,222,,,
180,35410,35412,207738,706.631847315876,172328,124.9,2,855,LARGE,202,,,
384,75630,75633,208230,706.631847315876,132600,152.7,3,861,LARGE,155,,,
393,77762,77767,208427,706.631847315876,130665,153.3,5,865,LARGE,152,,,
83,17390,17392,208500,706.631847315876,191110,112.9,2,870,LARGE,220,,,
364,72070,72073,208785,706.631847315876,136715,149.2,3,876,LARGE,157,,,
38,9740,9746,208863,706.631847315876,199123,106.8,6,878,LARGE,227,,,
17,5679,5684,209033,706.631847315876,203354,98.3,5,884,LARGE,231,,,
334,66691,66693,209111,706.631847315876,142420,145.1,2,882,LARGE,162,,,
360,71674,71678,209136,706.631847315876,137462,147.9,4,884,LARGE,156,,,
27,7491,7493,209205,706.631847315876,201714,99.1,2,887,LARGE,228,,,
457,89860,89865,209340,706.631847315876,119480,157.3,5,888,LARGE,135,,,
485,95875,95880,209797,706.631847315876,113922,157.3,5,897,LARGE,128,,,
128,25049,25053,209820,706.631847315876,184771,114.3,4,902,LARGE,205,,,
63,13864,13869,210092,706.631847315876,196228,106.3,5,909,LARGE,216,,,
352,69660,69664,210164,706.631847315876,140504,143.2,4,909,LARGE,155,,,
430,85383,85386,210203,706.631847315876,124820,151.7,3,911,LARGE,138,,,
336,67029,67033,210412,706.631847315876,143383,140.7,4,919,LARGE,157,,,
396,78667,78670,210441,706.631847315876,131774,146.6,3,919,LARGE,144,,,
115,22450,22454,210475,706.631847315876,188025,111.1,4,923,LARGE,204,,,
229,45918,45921,210725,706.631847315876,164807,122.1,3,932,LARGE,177,,,
257,51780,51782,210732,706.631847315876,158952,125.4,2,929,LARGE,172,,,
414,82024,82029,210779,706.631847315876,128755,146.4,5,929,LARGE,139,,,
8,3391,3393,210892,706.631847315876,207501,72.0,2,937,LARGE,222,,,
348,69198,69201,210940,706.631847315876,141742,139.0,3,938,LARGE,152,,,
383,75403,75408,210958,706.631847315876,135555,142.4,5,938,LARGE,145,,,
497,98869,98871,211056,706.631847315876,112187,151.8,2,942,LARGE,120,,,
483,95766,95771,211204,706.631847315876,115438,149.7,5,950,LARGE,122,,,
169,33017,33021,211216,706.631847315876,178199,113.7,4,953,LARGE,187,,,
370,73030,73031,211320,706.631847315876,138290,138.4,1,959,LARGE,145,,,
209,41075,41080,211415,706.631847315876,170340,116.5,5,968,LARGE,176,,,
378,74604,74609,211444,706.631847315876,136840,138.0,5,967,LARGE,142,,,
322,65057,65059,211487,706.631847315876,146430,130.9,2,970,LARGE,151,,,
164,31300,31305,211557,706.631847315876,180257,110.7,5,980,LARGE,184,,,
315,63306,63309,211574,706.631847315876,148268,129.6,3,977,LARGE,152,,,
353,69766,69769,211578,706.631847315876,141812,134.4,3,979,LARGE,145,,,
232,46484,46486,211603,706.631847315876,165119,117.6,2,984,LARGE,168,,,
129,25315,25318,211622,706.631847315876,186307,106.1,3,987,LARGE,189,,,
299,61511,61512,211629,706.631847315876,150118,127.1,1,985,LARGE,153,,,
205,39950,39955,211643,706.631847315876,171693,112.9,5,991,LARGE,174,,,
406,80376,80378,211645,706.631847315876,131269,137.3,2,989,LARGE,133,,,
441,87428,87430,211648,706.631847315876,124220,140.5,2,990,LARGE,126,,,
