pids,instantiation times,start times,finish times,average wait times,turnaround times,average queue lengths,response times,required cpu times,process sizes,turnaround times,efficiency,average response time,average queue length
1,475,492,507,4.4354008660538025,32,1.0,17,14,TINY,3,0.7968827111692468,3.084,135
0,197,198,983,4.4354008660538025,786,0.0,1,733,LARGE,2,,,
2,1109,1110,1122,4.4354008660538025,13,0.0,1,12,TINY,2,,,
3,1157,1158,1227,4.4354008660538025,70,0.0,1,66,SMALL,2,,,
6,2250,2252,2598,4.4354008660538025,348,2.7,2,147,SMALL,3,,,
9,2831,2833,2907,4.4354008660538025,76,4.9,2,32,TINY,3,,,
11,2948,2953,3171,4.4354008660538025,223,5.0,5,119,SMALL,2,,,
15,3756,3757,3784,4.4354008660538025,28,8.0,1,22,TINY,2,,,
16,3807,3810,3866,4.4354008660538025,59,8.0,3,45,TINY,2,,,
22,5317,5318,5361,4.4354008660538025,44,13.0,1,35,TINY,2,,,
20,4944,4948,5425,4.4354008660538025,481,11.1,4,111,SMALL,5,,,
26,5880,5881,6095,4.4354008660538025,215,15.0,1,112,SMALL,2,,,
27,6099,6101,6242,4.4354008660538025,143,15.5,2,57,SMALL,3,,,
21,5182,5183,6619,4.4354008660538025,1437,12.3,1,153,SMALL,10,,,
33,7557,7560,7579,4.4354008660538025,22,19.0,3,16,TINY,2,,,
34,7638,7640,7808,4.4354008660538025,170,19.0,2,103,SMALL,2,,,
30,7053,7055,8010,4.4354008660538025,957,17.1,2,169,SMALL,6,,,
29,7010,7015,8024,4.4354008660538025,1014,16.8,5,175,SMALL,6,,,
32,7528,7530,8371,4.4354008660538025,843,17.7,2,221,LARGE,4,,,
36,8596,8597,8650,4.4354008660538025,54,17.0,1,43,TINY,2,,,
38,8926,8931,8955,4.4354008660538025,29,18.0,5,20,TINY,2,,,
39,9007,9011,9125,4.4354008660538025,118,18.8,4,48,TINY,3,,,
42,9554,9556,9897,4.4354008660538025,343,20.0,2,193,SMALL,2,,,
44,10359,10363,10377,4.4354008660538025,18,21.0,4,12,TINY,2,,,
45,10484,10488,10779,4.4354008660538025,295,21.1,4,117,SMALL,3,,,
50,11563,11565,11602,4.4354008660538025,39,25.0,2,22,TINY,2,,,
49,11513,11520,11700,4.4354008660538025,187,24.5,7,42,TINY,5,,,
51,11605,11608,11805,4.4354008660538025,200,24.5,3,84,SMALL,3,,,
53,12164,12166,12178,4.4354008660538025,14,25.0,2,10,TINY,2,,,
57,12682,12684,12718,4.4354008660538025,36,28.0,2,28,TINY,2,,,
55,12461,12464,12731,4.4354008660538025,270,26.7,3,94,SMALL,3,,,
47,11380,11385,12913,4.4354008660538025,1533,22.8,5,189,SMALL,9,,,
58,13138,13139,13222,4.4354008660538025,84,26.2,1,35,TINY,3,,,
59,13173,13174,13235,4.4354008660538025,62,26.7,1,42,TINY,2,,,
61,13955,13956,14040,4.4354008660538025,85,27.0,1,68,SMALL,2,,,
60,13719,13721,14047,4.4354008660538025,328,26.0,2,193,SMALL,2,,,
46,10622,10623,14054,4.4354008660538025,3432,21.6,1,273,LARGE,13,,,
63,14554,14555,14899,4.4354008660538025,345,26.4,1,140,SMALL,3,,,
66,15152,15155,15176,4.4354008660538025,24,28.0,3,17,TINY,2,,,
67,15451,15452,15514,4.4354008660538025,63,28.9,1,26,TINY,3,,,
74,16156,16160,16228,4.4354008660538025,72,34.0,4,31,TINY,3,,,
77,17174,17179,17238,4.4354008660538025,64,36.0,5,48,TINY,2,,,
78,17660,17664,17865,4.4354008660538025,205,36.3,4,81,SMALL,3,,,
81,18551,18556,18597,4.4354008660538025,46,38.8,5,17,TINY,3,,,
83,18614,18618,18685,4.4354008660538025,71,39.0,4,42,TINY,2,,,
88,20171,20176,20324,4.4354008660538025,153,43.0,5,119,SMALL,2,,,
90,20518,20520,20553,4.4354008660538025,35,44.0,2,27,TINY,2,,,
92,20630,20634,20662,4.4354008660538025,32,45.0,4,23,TINY,2,,,
91,20567,20569,20769,4.4354008660538025,202,44.0,2,121,SMALL,2,,,
96,21083,21090,21181,4.4354008660538025,98,47.0,7,25,TINY,4,,,
97,21219,21222,21564,4.4354008660538025,345,47.3,3,90,SMALL,4,,,
100,21815,21820,21882,4.4354008660538025,67,49.0,5,50,TINY,2,,,
103,22613,22618,22640,4.4354008660538025,27,51.0,5,18,TINY,2,,,
107,22896,22901,22922,4.4354008660538025,26,54.0,5,17,TINY,2,,,
106,22864,22866,22984,4.4354008660538025,120,53.4,2,29,TINY,5,,,
109,22983,22985,23018,4.4354008660538025,35,54.0,2,27,TINY,2,,,
105,22849,22851,23105,4.4354008660538025,256,52.9,2,53,SMALL,5,,,
110,23169,23171,23225,4.4354008660538025,56,53.0,2,44,TINY,2,,,
108,22923,22928,23373,4.4354008660538025,450,52.6,5,138,SMALL,4,,,
111,23441,23444,23573,4.4354008660538025,132,52.0,3,104,SMALL,2,,,
113,23762,23764,24057,4.4354008660538025,295,53.0,2,135,SMALL,3,,,
89,20397,20400,24275,4.4354008660538025,3878,43.2,3,218,LARGE,18,,,
114,24318,24321,24462,4.4354008660538025,144,52.9,3,57,SMALL,3,,,
119,25289,25293,25355,4.4354008660538025,66,56.0,4,26,TINY,3,,,
118,25284,25288,25433,4.4354008660538025,149,55.3,4,90,SMALL,2,,,
126,26113,26114,26166,4.4354008660538025,53,61.5,1,22,TINY,3,,,
123,25939,25944,26255,4.4354008660538025,316,58.5,5,47,TINY,7,,,
121,25883,25884,26272,4.4354008660538025,389,57.0,1,49,TINY,8,,,
133,26998,27003,27142,4.4354008660538025,144,65.0,5,80,SMALL,2,,,
135,27242,27243,27269,4.4354008660538025,27,66.0,1,21,TINY,2,,,
137,27560,27565,27598,4.4354008660538025,38,67.0,5,27,TINY,2,,,
139,28142,28144,28180,4.4354008660538025,38,68.0,2,29,TINY,2,,,
140,28313,28316,28374,4.4354008660538025,61,68.0,3,47,TINY,2,,,
122,25925,25929,28826,4.4354008660538025,2901,62.3,4,157,SMALL,19,,,
129,26433,26438,29088,4.4354008660538025,2655,63.8,5,173,SMALL,16,,,
145,29568,29569,29872,4.4354008660538025,304,70.0,1,131,SMALL,3,,,
144,29513,29514,30019,4.4354008660538025,506,69.5,1,169,SMALL,3,,,
143,29305,29309,30029,4.4354008660538025,724,68.4,4,176,SMALL,5,,,
146,30468,30470,30677,4.4354008660538025,209,68.0,2,166,SMALL,2,,,
151,31900,31903,31932,4.4354008660538025,32,72.0,3,24,TINY,2,,,
152,31977,31978,32231,4.4354008660538025,254,72.0,1,179,SMALL,2,,,
155,32438,32442,32459,4.4354008660538025,21,74.0,4,14,TINY,2,,,
153,32298,32302,32474,4.4354008660538025,176,72.1,4,64,SMALL,3,,,
161,33760,33765,33811,4.4354008660538025,51,78.0,5,21,TINY,3,,,
164,34273,34277,34303,4.4354008660538025,30,80.0,4,21,TINY,2,,,
163,34233,34237,34316,4.4354008660538025,83,79.0,4,42,TINY,2,,,
138,27644,27649,34720,4.4354008660538025,7076,67.4,5,235,LARGE,31,,,
99,21703,21705,35008,4.4354008660538025,13305,50.1,2,242,LARGE,55,,,
166,35368,35369,35583,4.4354008660538025,215,78.8,1,72,SMALL,3,,,
165,35318,35319,35590,4.4354008660538025,272,77.9,1,73,SMALL,4,,,
168,35631,35636,35695,4.4354008660538025,64,78.0,5,48,TINY,2,,,
169,35764,35766,35803,4.4354008660538025,39,78.0,2,30,TINY,2,,,
171,36489,36494,36655,4.4354008660538025,166,80.7,5,33,TINY,6,,,
174,36577,36579,36699,4.4354008660538025,122,81.7,2,43,TINY,3,,,
69,15585,15590,38237,4.4354008660538025,22652,33.9,5,254,LARGE,90,,,
182,38546,38548,38967,4.4354008660538025,421,87.0,2,112,SMALL,4,,,
178,38266,38268,40711,4.4354008660538025,2445,85.6,2,187,SMALL,14,,,
190,41386,41387,41411,4.4354008660538025,25,93.0,1,20,TINY,2,,,
189,41337,41342,41456,4.4354008660538025,119,92.0,5,72,SMALL,2,,,
186,39655,39658,41580,4.4354008660538025,1925,90.3,3,251,LARGE,8,,,
191,41769,41771,42392,4.4354008660538025,623,91.1,2,249,LARGE,3,,,
193,42836,42838,42870,4.4354008660538025,34,92.0,2,26,TINY,2,,,
195,43174,43176,43188,4.4354008660538025,14,93.0,2,10,TINY,2,,,
196,43264,43269,43515,4.4354008660538025,251,93.0,5,197,SMALL,2,,,
134,27163,27168,43607,4.4354008660538025,16444,68.3,5,261,LARGE,64,,,
201,43981,43983,44125,4.4354008660538025,144,96.2,2,54,SMALL,3,,,
202,44036,44038,44188,4.4354008660538025,152,96.8,2,66,SMALL,3,,,
206,45001,45004,45050,4.4354008660538025,49,99.0,3,37,TINY,2,,,
207,45094,45096,45112,4.4354008660538025,18,99.0,2,13,TINY,2,,,
209,45483,45488,45530,4.4354008660538025,47,100.0,5,26,TINY,2,,,
213,46099,46101,46128,4.4354008660538025,29,103.0,2,22,TINY,2,,,
215,46700,46704,46946,4.4354008660538025,246,104.6,4,98,SMALL,3,,,
221,48115,48122,48325,4.4354008660538025,210,110.0,7,43,TINY,5,,,
224,48444,48446,48495,4.4354008660538025,51,111.0,2,40,TINY,2,,,
228,49041,49046,49088,4.4354008660538025,47,114.0,5,34,TINY,2,,,
223,48241,48242,49295,4.4354008660538025,1054,111.5,1,137,SMALL,8,,,
235,50469,50471,50562,4.4354008660538025,93,119.0,2,73,SMALL,2,,,
236,50646,50648,50770,4.4354008660538025,124,119.7,2,50,TINY,3,,,
229,49429,49431,50960,4.4354008660538025,1531,115.7,2,160,SMALL,10,,,
220,48112,48117,51105,4.4354008660538025,2993,111.7,5,172,SMALL,18,,,
238,51228,51231,51259,4.4354008660538025,31,118.0,3,23,TINY,2,,,
234,50277,50281,51328,4.4354008660538025,1051,118.0,4,183,SMALL,6,,,
240,51520,51524,51543,4.4354008660538025,23,118.0,4,16,TINY,2,,,
241,51564,51569,51631,4.4354008660538025,67,118.0,5,50,TINY,2,,,
226,48611,48616,51828,4.4354008660538025,3217,113.2,5,197,SMALL,17,,,
245,52811,52814,52960,4.4354008660538025,149,120.2,3,49,TINY,4,,,
244,52773,52774,53069,4.4354008660538025,296,119.8,1,95,SMALL,4,,,
246,52871,52874,53111,4.4354008660538025,240,120.1,3,125,SMALL,2,,,
249,53509,53512,53899,4.4354008660538025,390,121.1,3,110,SMALL,4,,,
251,53908,53910,53956,4.4354008660538025,48,122.0,2,37,TINY,2,,,
248,53432,53437,54050,4.4354008660538025,618,120.6,5,139,SMALL,5,,,
247,53346,53347,54148,4.4354008660538025,802,120.0,1,178,SMALL,5,,,
252,54199,54204,54343,4.4354008660538025,144,120.0,5,112,SMALL,2,,,
237,50665,50668,54421,4.4354008660538025,3756,118.7,3,222,LARGE,17,,,
254,54585,54587,54615,4.4354008660538025,30,120.0,2,23,TINY,2,,,
256,54650,54651,54854,4.4354008660538025,204,122.7,1,35,TINY,6,,,
257,54683,54686,55098,4.4354008660538025,415,123.1,3,83,SMALL,5,,,
260,55230,55234,55280,4.4354008660538025,50,123.0,4,37,TINY,2,,,
255,54643,54646,55367,4.4354008660538025,724,122.5,3,141,SMALL,6,,,
261,55406,55408,55429,4.4354008660538025,23,122.0,2,17,TINY,2,,,
272,56443,56445,56513,4.4354008660538025,70,132.0,2,39,TINY,2,,,
266,56067,56070,57203,4.4354008660538025,1136,129.7,3,100,SMALL,12,,,
268,56179,56180,57453,4.4354008660538025,1274,130.6,1,124,SMALL,11,,,
278,57891,57894,57926,4.4354008660538025,35,135.0,3,26,TINY,2,,,
277,57853,57854,57998,4.4354008660538025,145,134.0,1,73,SMALL,2,,,
276,57771,57774,58165,4.4354008660538025,394,133.1,3,141,SMALL,3,,,
279,58342,58346,58439,4.4354008660538025,97,133.5,4,39,TINY,3,,,
280,58367,58371,58496,4.4354008660538025,129,133.9,4,41,TINY,4,,,
283,59030,59032,59065,4.4354008660538025,35,135.0,2,27,TINY,2,,,
262,55452,55455,59154,4.4354008660538025,3702,123.4,3,179,SMALL,21,,,
264,55864,55865,59239,4.4354008660538025,3375,125.2,1,184,SMALL,19,,,
284,59288,59290,59327,4.4354008660538025,39,133.0,2,30,TINY,2,,,
285,59366,59368,59460,4.4354008660538025,94,133.7,2,38,TINY,3,,,
292,60344,60346,60367,4.4354008660538025,23,139.0,2,17,TINY,2,,,
293,60450,60453,60490,4.4354008660538025,40,139.0,3,30,TINY,2,,,
295,60777,60781,60800,4.4354008660538025,23,140.0,4,16,TINY,2,,,
297,60926,60931,61025,4.4354008660538025,99,141.0,5,40,TINY,3,,,
296,60925,60926,61059,4.4354008660538025,134,140.5,1,67,SMALL,2,,,
265,56064,56065,61329,4.4354008660538025,5265,130.9,1,192,SMALL,28,,,
300,61866,61870,62378,4.4354008660538025,512,141.3,4,151,SMALL,4,,,
299,61640,61645,62468,4.4354008660538025,828,140.7,5,176,SMALL,5,,,
304,63118,63119,63382,4.4354008660538025,264,143.0,1,159,SMALL,2,,,
287,59497,59501,63916,4.4354008660538025,4419,136.9,4,215,LARGE,21,,,
306,64230,64232,64289,4.4354008660538025,59,143.0,2,46,TINY,2,,,
308,64393,64395,64923,4.4354008660538025,530,144.3,2,155,SMALL,4,,,
311,64952,64959,64991,4.4354008660538025,39,146.7,7,10,TINY,4,,,
312,64965,64969,65093,4.4354008660538025,128,146.2,4,49,TINY,3,,,
309,64602,64605,65251,4.4354008660538025,649,144.9,3,170,SMALL,4,,,
313,65266,65267,65290,4.4354008660538025,24,145.0,1,19,TINY,2,,,
316,65505,65506,65600,4.4354008660538025,95,147.6,1,40,TINY,3,,,
325,66456,66461,66524,4.4354008660538025,68,155.9,5,27,TINY,3,,,
331,67433,67435,67609,4.4354008660538025,176,160.0,2,88,SMALL,2,,,
328,66661,66665,67666,4.4354008660538025,1005,157.2,4,109,SMALL,10,,,
332,67712,67717,67779,4.4354008660538025,67,159.0,5,50,TINY,2,,,
329,66966,66970,68364,4.4354008660538025,1398,158.0,4,148,SMALL,10,,,
333,68407,68410,68437,4.4354008660538025,30,158.0,3,22,TINY,2,,,
335,68815,68818,68851,4.4354008660538025,36,159.0,3,27,TINY,2,,,
337,68899,68902,68943,4.4354008660538025,44,160.0,3,17,TINY,3,,,
341,69841,69844,70267,4.4354008660538025,426,163.0,3,155,SMALL,3,,,
344,70406,70408,70484,4.4354008660538025,78,165.0,2,49,TINY,2,,,
345,70550,70555,70598,4.4354008660538025,48,165.0,5,35,TINY,2,,,
342,70291,70293,70611,4.4354008660538025,320,163.9,2,86,SMALL,4,,,
338,69258,69259,70905,4.4354008660538025,1647,160.1,1,187,SMALL,9,,,
349,71112,71116,71173,4.4354008660538025,61,166.0,4,30,TINY,3,,,
352,71507,71509,71661,4.4354008660538025,154,168.0,2,42,TINY,4,,,
351,71502,71504,71719,4.4354008660538025,217,167.6,2,66,SMALL,4,,,
347,71010,71011,72023,4.4354008660538025,1013,164.9,1,139,SMALL,8,,,
354,72042,72044,72136,4.4354008660538025,94,167.1,2,38,TINY,3,,,
357,72334,72337,72406,4.4354008660538025,72,169.0,3,56,SMALL,2,,,
356,72186,72187,72450,4.4354008660538025,264,168.0,1,115,SMALL,3,,,
323,66352,66356,72980,4.4354008660538025,6628,157.2,4,200,SMALL,34,,,
358,72997,73001,73093,4.4354008660538025,96,167.0,4,74,SMALL,2,,,
359,73777,73779,73832,4.4354008660538025,55,167.7,2,23,TINY,3,,,
364,74453,74458,74494,4.4354008660538025,41,171.0,5,29,TINY,2,,,
365,74630,74635,75091,4.4354008660538025,461,171.0,5,197,SMALL,3,,,
370,76262,76267,76306,4.4354008660538025,44,175.0,5,32,TINY,2,,,
369,76171,76172,76429,4.4354008660538025,258,174.0,1,162,SMALL,2,,,
368,75981,75982,76443,4.4354008660538025,462,173.1,1,175,SMALL,3,,,
374,77219,77224,77247,4.4354008660538025,28,176.0,5,19,TINY,2,,,
373,77054,77059,77327,4.4354008660538025,273,175.0,5,100,SMALL,3,,,
372,77050,77054,77441,4.4354008660538025,391,174.5,4,191,SMALL,3,,,
375,77457,77462,77520,4.4354008660538025,63,174.0,5,47,TINY,2,,,
360,73784,73789,77733,4.4354008660538025,3949,168.4,5,230,LARGE,18,,,
377,77973,77974,78030,4.4354008660538025,57,174.0,1,45,TINY,2,,,
381,78453,78456,78517,4.4354008660538025,64,177.0,3,49,TINY,2,,,
382,78638,78643,78719,4.4354008660538025,81,177.0,5,61,SMALL,2,,,
384,78925,78930,79006,4.4354008660538025,81,178.0,5,61,SMALL,2,,,
388,79671,79672,79904,4.4354008660538025,233,181.0,1,106,SMALL,3,,,
391,80281,80285,80407,4.4354008660538025,126,183.3,4,50,TINY,3,,,
395,80806,80808,81150,4.4354008660538025,344,187.3,2,86,SMALL,4,,,
397,80933,80938,81237,4.4354008660538025,304,187.8,5,101,SMALL,4,,,
400,82139,82143,82156,4.4354008660538025,17,189.0,4,11,TINY,2,,,
405,82737,82742,82845,4.4354008660538025,108,193.0,5,43,TINY,3,,,
409,83236,83241,83443,4.4354008660538025,207,196.9,5,82,SMALL,3,,,
406,82876,82881,83697,4.4354008660538025,821,194.2,5,127,SMALL,7,,,
411,84201,84203,84465,4.4354008660538025,264,196.3,2,106,SMALL,3,,,
412,84302,84303,84728,4.4354008660538025,426,197.0,1,106,SMALL,5,,,
417,84857,84859,84873,4.4354008660538025,16,200.0,2,12,TINY,2,,,
421,85031,85034,85078,4.4354008660538025,47,203.0,3,36,TINY,2,,,
416,84816,84819,85700,4.4354008660538025,884,201.4,3,133,SMALL,7,,,
420,84924,84929,85923,4.4354008660538025,999,201.8,5,162,SMALL,7,,,
422,85966,85969,86111,4.4354008660538025,145,201.0,3,114,SMALL,2,,,
408,83055,83056,86430,4.4354008660538025,3375,195.5,1,191,SMALL,18,,,
425,87021,87026,87078,4.4354008660538025,57,202.0,5,42,TINY,2,,,
418,84869,84874,87218,4.4354008660538025,2349,201.3,5,200,SMALL,12,,,
428,87912,87914,87952,4.4354008660538025,40,203.0,2,31,TINY,2,,,
427,87865,87869,87964,4.4354008660538025,99,202.0,4,45,TINY,3,,,
429,88123,88125,88353,4.4354008660538025,230,202.0,2,183,SMALL,2,,,
435,89294,89299,89373,4.4354008660538025,79,207.0,5,60,SMALL,2,,,
431,88843,88844,89402,4.4354008660538025,559,205.2,1,99,SMALL,6,,,
436,89433,89438,89502,4.4354008660538025,69,206.0,5,52,SMALL,2,,,
438,89751,89753,89801,4.4354008660538025,50,207.0,2,39,TINY,2,,,
446,91121,91122,91159,4.4354008660538025,38,214.0,1,30,TINY,2,,,
450,91551,91555,91567,4.4354008660538025,16,217.0,4,10,TINY,2,,,
448,91446,91450,91805,4.4354008660538025,359,216.0,4,118,SMALL,4,,,
453,92302,92306,92517,4.4354008660538025,215,218.2,4,81,SMALL,3,,,
455,92616,92618,92636,4.4354008660538025,20,219.0,2,15,TINY,2,,,
457,92756,92762,92983,4.4354008660538025,227,220.0,6,89,SMALL,3,,,
441,90000,90007,93105,4.4354008660538025,3105,209.9,7,165,SMALL,19,,,
458,93180,93181,93272,4.4354008660538025,92,219.0,1,73,SMALL,2,,,
439,89945,89947,93737,4.4354008660538025,3792,210.1,2,184,SMALL,21,,,
468,94790,94793,94877,4.4354008660538025,87,227.0,3,68,SMALL,2,,,
469,94911,94913,94985,4.4354008660538025,74,227.0,2,58,SMALL,2,,,
466,94586,94588,95047,4.4354008660538025,461,225.6,2,93,SMALL,5,,,
470,95074,95078,95114,4.4354008660538025,40,226.0,4,29,TINY,2,,,
471,95235,95240,95296,4.4354008660538025,61,226.0,5,45,TINY,2,,,
473,95404,95407,95441,4.4354008660538025,37,227.0,3,28,TINY,2,,,
474,95444,95447,95568,4.4354008660538025,124,228.1,3,33,TINY,4,,,
476,95504,95507,95576,4.4354008660538025,72,228.9,3,34,TINY,3,,,
477,95706,95707,95744,4.4354008660538025,38,228.0,1,30,TINY,2,,,
480,96241,96245,96257,4.4354008660538025,16,230.0,4,10,TINY,2,,,
478,96044,96045,96527,4.4354008660538025,483,228.5,1,128,SMALL,4,,,
483,96553,96558,96651,4.4354008660538025,98,231.0,5,43,TINY,3,,,
481,96338,96343,97361,4.4354008660538025,1023,230.2,5,164,SMALL,7,,,
465,94419,94423,97406,4.4354008660538025,2987,225.5,4,168,SMALL,18,,,
486,97516,97517,97671,4.4354008660538025,155,231.5,1,44,TINY,4,,,
487,97549,97552,97833,4.4354008660538025,284,232.0,3,105,SMALL,3,,,
489,97869,97874,97888,4.4354008660538025,19,232.0,5,12,TINY,2,,,
488,97603,97607,97895,4.4354008660538025,292,232.0,4,141,SMALL,3,,,
496,98690,98691,99307,4.4354008660538025,617,237.9,1,129,SMALL,5,,,
497,98703,98706,99736,4.4354008660538025,1033,237.7,3,179,SMALL,6,,,
499,99955,99957,100063,4.4354008660538025,108,238.0,2,45,TINY,3,,,
498,99946,99947,100115,4.4354008660538025,169,237.4,1,89,SMALL,2,,,
482,96540,96543,100677,4.4354008660538025,4137,231.5,3,197,SMALL,21,,,
461,93856,93858,101301,4.4354008660538025,7445,225.3,2,215,LARGE,35,,,
404,82736,82737,102881,4.4354008660538025,20145,198.0,1,236,LARGE,86,,,
451,91904,91906,102991,4.4354008660538025,11087,220.7,2,236,LARGE,47,,,
475,95454,95457,103045,4.4354008660538025,7591,229.6,3,235,LARGE,33,,,
346,70988,70991,103443,4.4354008660538025,32455,168.0,3,238,LARGE,137,,,
210,45573,45576,103833,4.4354008660538025,58260,110.9,3,244,LARGE,239,,,
350,71495,71499,105527,4.4354008660538025,34032,172.1,4,251,LARGE,136,,,
386,79371,79372,106284,4.4354008660538025,26913,189.7,1,253,LARGE,107,,,
426,87406,87409,107066,4.4354008660538025,19660,205.5,3,257,LARGE,77,,,
271,56411,56415,107483,4.4354008660538025,51072,146.2,4,261,LARGE,196,,,
393,80611,80613,107758,4.4354008660538025,27147,195.1,2,264,LARGE,103,,,
79,17735,17739,108027,4.4354008660538025,90292,43.0,4,267,LARGE,339,,,
214,46426,46429,108361,4.4354008660538025,61935,122.7,3,267,LARGE,232,,,
184,39486,39488,110246,4.4354008660538025,70760,97.2,2,276,LARGE,257,,,
414,84524,84526,111739,4.4354008660538025,27215,205.2,2,278,LARGE,98,,,
80,18091,18096,112062,4.4354008660538025,93971,53.5,5,282,LARGE,334,,,
175,36721,36725,113376,4.4354008660538025,76655,95.1,4,287,LARGE,268,,,
318,65654,65656,113699,4.4354008660538025,48045,169.7,2,286,LARGE,168,,,
204,44278,44279,114553,4.4354008660538025,70275,127.2,1,291,LARGE,242,,,
423,86462,86466,115010,4.4354008660538025,28548,206.4,4,289,LARGE,99,,,
87,20014,20016,115367,4.4354008660538025,95353,65.8,2,293,LARGE,326,,,
12,3196,3197,116275,4.4354008660538025,113079,18.7,1,298,LARGE,380,,,
230,49459,49461,116762,4.4354008660538025,67303,142.1,2,297,LARGE,227,,,
376,77747,77749,118114,4.4354008660538025,40367,184.7,2,301,LARGE,135,,,
383,78760,78765,118132,4.4354008660538025,39372,191.1,5,302,LARGE,131,,,
65,14938,14940,118509,4.4354008660538025,103571,49.2,2,305,LARGE,340,,,
212,45955,45956,119898,4.4354008660538025,73943,135.3,1,311,LARGE,238,,,
198,43779,43783,120913,4.4354008660538025,77134,132.1,4,316,LARGE,245,,,
371,76756,76759,123340,4.4354008660538025,46584,186.1,3,321,LARGE,146,,,
303,62983,62984,124237,4.4354008660538025,61254,165.4,1,325,LARGE,189,,,
394,80648,80653,124417,4.4354008660538025,43769,198.8,5,328,LARGE,134,,,
424,86896,86901,124476,4.4354008660538025,37580,207.3,5,327,LARGE,115,,,
180,38408,38413,125018,4.4354008660538025,86610,115.3,5,329,LARGE,264,,,
447,91347,91350,125547,4.4354008660538025,34200,219.0,3,331,LARGE,104,,,
72,16037,16040,125794,4.4354008660538025,109757,75.0,3,333,LARGE,330,,,
19,4800,4803,126704,4.4354008660538025,121904,48.4,3,340,LARGE,359,,,
197,43663,43668,127073,4.4354008660538025,83410,136.3,5,339,LARGE,247,,,
200,43862,43863,127080,4.4354008660538025,83218,138.0,1,337,LARGE,247,,,
289,59729,59731,127244,4.4354008660538025,67515,163.6,2,339,LARGE,200,,,
459,93472,93473,127578,4.4354008660538025,34106,220.5,1,339,LARGE,101,,,
84,19071,19076,128796,4.4354008660538025,109725,84.5,5,346,LARGE,318,,,
95,21077,21085,128820,4.4354008660538025,107743,90.5,8,347,LARGE,311,,,
326,66462,66466,129294,4.4354008660538025,62832,177.8,4,347,LARGE,182,,,
4,1767,1768,129629,4.4354008660538025,127862,90.1,1,352,LARGE,364,,,
117,24798,24803,129827,4.4354008660538025,105029,95.4,5,350,LARGE,301,,,
269,56263,56265,130129,4.4354008660538025,73866,161.6,2,349,LARGE,212,,,
273,56627,56629,130137,4.4354008660538025,73510,162.0,2,350,LARGE,211,,,
456,92753,92757,130490,4.4354008660538025,37737,219.8,4,350,LARGE,108,,,
390,80174,80175,131305,4.4354008660538025,51131,197.4,1,356,LARGE,144,,,
183,39189,39193,131868,4.4354008660538025,92679,121.6,4,358,LARGE,259,,,
187,40204,40208,132806,4.4354008660538025,92602,124.6,4,362,LARGE,256,,,
336,68892,68897,133080,4.4354008660538025,64188,179.3,5,363,LARGE,177,,,
192,42038,42041,135577,4.4354008660538025,93539,126.7,3,373,LARGE,251,,,
23,5531,5536,140740,4.4354008660538025,135209,69.9,5,398,LARGE,340,,,
101,21975,21978,141788,4.4354008660538025,119813,104.0,3,402,LARGE,299,,,
320,65895,65896,142202,4.4354008660538025,76307,177.3,1,403,LARGE,190,,,
452,92206,92211,142435,4.4354008660538025,50229,214.2,5,402,LARGE,125,,,
216,46752,46754,142909,4.4354008660538025,96157,149.2,2,407,LARGE,237,,,
85,19106,19111,143563,4.4354008660538025,124457,99.8,5,411,LARGE,303,,,
253,54425,54427,144753,4.4354008660538025,90328,159.9,2,416,LARGE,218,,,
150,31674,31678,147210,4.4354008660538025,115536,120.2,4,425,LARGE,272,,,
263,55610,55615,149154,4.4354008660538025,93544,162.1,5,435,LARGE,216,,,
222,48148,48152,149968,4.4354008660538025,101820,155.0,4,439,LARGE,232,,,
434,88998,88999,150323,4.4354008660538025,61325,206.5,1,440,LARGE,140,,,
70,15806,15810,150561,4.4354008660538025,134755,100.6,4,442,LARGE,305,,,
298,61623,61625,150944,4.4354008660538025,89321,169.1,2,442,LARGE,203,,,
399,81803,81808,151123,4.4354008660538025,69320,195.6,5,443,LARGE,157,,,
379,78274,78276,151930,4.4354008660538025,73656,189.1,2,445,LARGE,166,,,
48,11511,11515,152224,4.4354008660538025,140713,87.5,4,451,LARGE,313,,,
334,68667,68668,152706,4.4354008660538025,84039,178.4,1,449,LARGE,188,,,
172,36508,36509,153276,4.4354008660538025,116768,129.4,1,456,LARGE,257,,,
355,72084,72089,153564,4.4354008660538025,81480,182.0,5,454,LARGE,180,,,
389,80114,80115,153613,4.4354008660538025,73499,192.7,1,455,LARGE,162,,,
157,32776,32780,154883,4.4354008660538025,122107,125.9,4,464,LARGE,264,,,
322,66137,66141,155158,4.4354008660538025,89021,176.7,4,464,LARGE,192,,,
62,14227,14230,155533,4.4354008660538025,141306,92.2,3,468,LARGE,302,,,
413,84465,84466,156091,4.4354008660538025,71626,197.7,1,466,LARGE,154,,,
128,26301,26303,156435,4.4354008660538025,130134,120.9,2,471,LARGE,277,,,
162,34048,34052,156509,4.4354008660538025,122461,128.7,4,471,LARGE,261,,,
167,35384,35389,156512,4.4354008660538025,121128,128.5,5,470,LARGE,258,,,
275,57681,57684,156671,4.4354008660538025,98990,165.5,3,471,LARGE,211,,,
188,40228,40233,158105,4.4354008660538025,117877,136.3,5,479,LARGE,247,,,
120,25584,25589,158755,4.4354008660538025,133171,117.2,5,484,LARGE,276,,,
443,90642,90647,159243,4.4354008660538025,68601,204.0,5,482,LARGE,143,,,
17,4686,4688,160133,4.4354008660538025,155447,87.0,2,492,LARGE,316,,,
112,23716,23719,161020,4.4354008660538025,137304,116.8,3,493,LARGE,279,,,
176,37384,37385,161129,4.4354008660538025,123745,131.9,1,495,LARGE,250,,,
324,66409,66411,161351,4.4354008660538025,94942,175.8,2,493,LARGE,193,,,
339,69681,69684,161365,4.4354008660538025,91684,177.7,3,495,LARGE,186,,,
366,75144,75147,161404,4.4354008660538025,86260,181.7,3,495,LARGE,175,,,
104,22809,22811,161762,4.4354008660538025,138953,116.7,2,498,LARGE,280,,,
233,50106,50111,162680,4.4354008660538025,112574,157.0,5,502,LARGE,225,,,
494,98400,98401,163050,4.4354008660538025,64650,210.6,1,504,LARGE,129,,,
102,22181,22183,163210,4.4354008660538025,141029,116.5,2,508,LARGE,278,,,
463,93987,93988,163713,4.4354008660538025,69726,205.6,1,506,LARGE,138,,,
54,12215,12219,163857,4.4354008660538025,151642,95.5,4,511,LARGE,297,,,
419,84881,84884,164356,4.4354008660538025,79475,194.5,3,511,LARGE,156,,,
194,42962,42966,165440,4.4354008660538025,122478,137.1,4,519,LARGE,236,,,
291,59999,60001,165575,4.4354008660538025,105576,165.6,2,520,LARGE,204,,,
243,52125,52129,168260,4.4354008660538025,116135,156.4,4,536,LARGE,217,,,
25,5802,5806,169323,4.4354008660538025,163521,93.2,4,542,LARGE,302,,,
307,64344,64345,169698,4.4354008660538025,105354,166.9,1,544,LARGE,194,,,
98,21353,21357,170096,4.4354008660538025,148743,117.2,4,546,LARGE,273,,,
149,31525,31528,170164,4.4354008660538025,138639,126.7,3,546,LARGE,254,,,
274,56929,56934,170317,4.4354008660538025,113388,162.2,5,546,LARGE,208,,,
56,12503,12504,171362,4.4354008660538025,158859,99.1,1,556,LARGE,286,,,
185,39620,39623,171530,4.4354008660538025,131910,136.0,3,554,LARGE,239,,,
449,91454,91455,171859,4.4354008660538025,80405,196.9,1,555,LARGE,145,,,
37,8801,8806,173269,4.4354008660538025,164468,96.0,5,568,LARGE,290,,,
40,9020,9021,174543,4.4354008660538025,165523,96.9,1,575,LARGE,288,,,
493,98346,98351,175112,4.4354008660538025,76766,200.8,5,575,LARGE,134,,,
433,88900,88904,175652,4.4354008660538025,86752,191.0,4,580,LARGE,150,,,
378,78121,78126,176199,4.4354008660538025,98078,177.5,5,581,LARGE,169,,,
28,6134,6136,176404,4.4354008660538025,170270,95.9,2,588,LARGE,290,,,
218,47632,47637,177237,4.4354008660538025,129605,149.6,5,590,LARGE,220,,,
124,26043,26044,177710,4.4354008660538025,151667,123.9,1,594,LARGE,256,,,
340,69786,69789,177989,4.4354008660538025,108203,170.1,3,595,LARGE,182,,,
430,88567,88569,178087,4.4354008660538025,89520,185.5,2,594,LARGE,151,,,
294,60691,60696,178527,4.4354008660538025,117836,160.8,5,600,LARGE,197,,,
361,74003,74008,179186,4.4354008660538025,105183,171.7,5,603,LARGE,175,,,
131,26838,26843,179499,4.4354008660538025,152661,124.3,5,606,LARGE,252,,,
64,14654,14655,180001,4.4354008660538025,165347,104.1,1,609,LARGE,272,,,
363,74244,74248,180346,4.4354008660538025,106102,171.2,4,612,LARGE,174,,,
82,18557,18561,181166,4.4354008660538025,162609,113.0,4,620,LARGE,263,,,
286,59380,59383,181390,4.4354008660538025,122010,158.4,3,619,LARGE,198,,,
301,62037,62040,181403,4.4354008660538025,119366,160.1,3,618,LARGE,194,,,
353,71805,71810,181468,4.4354008660538025,109663,169.2,5,620,LARGE,177,,,
432,88856,88859,181541,4.4354008660538025,92685,186.1,3,618,LARGE,150,,,
267,56120,56125,181925,4.4354008660538025,125805,156.6,5,623,LARGE,202,,,
8,2623,2629,182182,4.4354008660538025,179559,96.5,6,624,LARGE,288,,,
259,54708,54711,182987,4.4354008660538025,128279,153.8,3,632,LARGE,203,,,
205,44775,44779,183449,4.4354008660538025,138674,144.2,4,633,LARGE,220,,,
319,65810,65811,183567,4.4354008660538025,117757,163.8,1,634,LARGE,186,,,
442,90480,90482,184189,4.4354008660538025,93709,184.8,2,637,LARGE,148,,,
348,71094,71096,185128,4.4354008660538025,114034,166.0,2,647,LARGE,177,,,
93,20922,20925,185377,4.4354008660538025,164455,116.2,3,651,LARGE,253,,,
484,96682,96687,185759,4.4354008660538025,89077,188.8,5,649,LARGE,138,,,
173,36511,36514,185966,4.4354008660538025,149455,129.2,3,653,LARGE,229,,,
472,95300,95302,188206,4.4354008660538025,92906,185.0,2,672,LARGE,139,,,
490,97901,97906,188221,4.4354008660538025,90320,186.2,5,672,LARGE,135,,,
367,75228,75232,189063,4.4354008660538025,113835,164.7,4,677,LARGE,169,,,
437,89689,89693,189126,4.4354008660538025,99437,178.7,4,678,LARGE,147,,,
467,94628,94633,189636,4.4354008660538025,95008,183.3,5,684,LARGE,139,,,
7,2318,2324,189669,4.4354008660538025,187351,97.8,6,684,LARGE,274,,,
127,26128,26129,191154,4.4354008660538025,165026,120.7,1,700,LARGE,236,,,
385,79340,79342,191846,4.4354008660538025,112506,166.5,2,701,LARGE,161,,,
362,74066,74068,192290,4.4354008660538025,118224,161.1,2,707,LARGE,168,,,
231,49474,49476,192634,4.4354008660538025,143160,144.0,2,711,LARGE,202,,,
179,38349,38353,193027,4.4354008660538025,154678,128.3,4,714,LARGE,217,,,
156,32544,32545,193434,4.4354008660538025,160890,122.8,1,717,LARGE,225,,,
380,78325,78326,193609,4.4354008660538025,115284,163.3,1,720,LARGE,161,,,
130,26611,26613,193826,4.4354008660538025,167215,119.7,2,721,LARGE,232,,,
68,15453,15457,194199,4.4354008660538025,178746,108.1,4,726,LARGE,247,,,
35,8535,8537,194598,4.4354008660538025,186063,97.1,2,731,LARGE,255,,,
403,82592,82597,195306,4.4354008660538025,112714,166.3,5,734,LARGE,154,,,
76,17064,17069,195450,4.4354008660538025,178386,108.9,5,739,LARGE,242,,,
242,52048,52049,195592,4.4354008660538025,143544,142.2,1,737,LARGE,195,,,
495,98548,98551,195779,4.4354008660538025,97231,178.3,3,737,LARGE,132,,,
288,59563,59566,196012,4.4354008660538025,136449,147.6,3,742,LARGE,184,,,
485,97051,97052,196539,4.4354008660538025,99488,176.1,1,745,LARGE,134,,,
52,11968,11971,196597,4.4354008660538025,184629,99.1,3,750,LARGE,247,,,
154,32375,32377,196669,4.4354008660538025,164294,120.9,2,749,LARGE,220,,,
170,36120,36124,196686,4.4354008660538025,160566,122.9,4,749,LARGE,215,,,
18,4731,4733,197310,4.4354008660538025,192579,94.9,2,759,LARGE,254,,,
86,19310,19311,197347,4.4354008660538025,178037,110.0,1,757,LARGE,236,,,
444,90847,90852,197604,4.4354008660538025,106757,170.0,5,757,LARGE,142,,,
71,15848,15850,197688,4.4354008660538025,181840,107.1,2,763,LARGE,239,,,
462,93926,93928,197971,4.4354008660538025,104045,171.9,2,762,LARGE,137,,,
464,94416,94418,197974,4.4354008660538025,103558,172.4,2,762,LARGE,136,,,
270,56289,56290,199519,4.4354008660538025,143230,142.4,1,784,LARGE,183,,,
41,9194,9196,199699,4.4354008660538025,190505,95.9,2,788,LARGE,242,,,
160,33754,33755,199777,4.4354008660538025,166023,120.1,1,786,LARGE,212,,,
24,5535,5541,200656,4.4354008660538025,195121,93.9,6,799,LARGE,245,,,
75,16894,16899,200676,4.4354008660538025,183782,105.7,5,800,LARGE,230,,,
211,45730,45731,201385,4.4354008660538025,155655,131.6,1,807,LARGE,193,,,
396,80820,80823,201505,4.4354008660538025,120685,156.3,3,808,LARGE,150,,,
314,65385,65386,201763,4.4354008660538025,136378,145.5,1,810,LARGE,169,,,
239,51378,51379,202017,4.4354008660538025,150639,134.8,1,815,LARGE,185,,,
460,93752,93753,202437,4.4354008660538025,108685,164.1,1,820,LARGE,133,,,
14,3455,3457,202470,4.4354008660538025,199015,90.6,2,822,LARGE,243,,,
392,80326,80330,202675,4.4354008660538025,122349,153.7,4,824,LARGE,149,,,
147,30831,30833,203358,4.4354008660538025,172527,113.5,2,834,LARGE,207,,,
159,32844,32850,203373,4.4354008660538025,170529,115.6,6,836,LARGE,204,,,
440,89998,90002,203533,4.4354008660538025,113535,159.4,4,836,LARGE,136,,,
445,90929,90932,203536,4.4354008660538025,112607,160.1,3,834,LARGE,136,,,
415,84783,84784,203790,4.4354008660538025,119007,155.3,1,839,LARGE,142,,,
73,16146,16150,203839,4.4354008660538025,187693,102.8,4,843,LARGE,223,,,
181,38412,38418,203896,4.4354008660538025,165484,119.0,6,841,LARGE,197,,,
199,43802,43803,204140,4.4354008660538025,160338,126.6,1,847,LARGE,190,,,
302,62541,62544,204202,4.4354008660538025,141661,138.0,3,845,LARGE,168,,,
317,65524,65526,204451,4.4354008660538025,138927,141.3,2,851,LARGE,164,,,
407,82967,82971,204494,4.4354008660538025,121527,152.5,4,850,LARGE,143,,,
158,32843,32845,204594,4.4354008660538025,171751,114.0,2,856,LARGE,201,,,
315,65426,65431,204672,4.4354008660538025,139246,140.7,5,854,LARGE,164,,,
327,66592,66595,204889,4.4354008660538025,138297,141.2,3,857,LARGE,162,,,
225,48521,48526,205452,4.4354008660538025,156931,128.3,5,870,LARGE,181,,,
491,98040,98041,205951,4.4354008660538025,107911,158.0,1,879,LARGE,123,,,
116,24774,24778,205994,4.4354008660538025,181220,105.8,4,882,LARGE,206,,,
258,54694,54696,206066,4.4354008660538025,151372,130.4,2,881,LARGE,172,,,
398,81529,81533,206670,4.4354008660538025,125141,145.4,4,895,LARGE,140,,,
479,96138,96140,206694,4.4354008660538025,110556,155.3,2,895,LARGE,124,,,
13,3366,3367,206712,4.4354008660538025,203346,86.5,1,898,LARGE,227,,,
31,7066,7070,206715,4.4354008660538025,199649,89.4,4,898,LARGE,223,,,
125,26065,26069,206733,4.4354008660538025,180668,107.2,4,898,LARGE,202,,,
43,10185,10188,206880,4.4354008660538025,196695,90.0,3,901,LARGE,219,,,
305,63459,63463,206972,4.4354008660538025,143513,132.2,4,901,LARGE,160,,,
148,30958,30963,207064,4.4354008660538025,176106,107.8,5,905,LARGE,195,,,
203,44250,44254,207074,4.4354008660538025,162824,121.1,4,908,LARGE,180,,,
402,82328,82332,207294,4.4354008660538025,124966,143.9,4,912,LARGE,138,,,
132,26862,26863,207334,4.4354008660538025,180472,106.3,1,916,LARGE,198,,,
227,48803,48806,207374,4.4354008660538025,158571,123.9,3,916,LARGE,174,,,
250,53729,53732,207384,4.4354008660538025,153655,125.6,3,916,LARGE,168,,,
343,70308,70313,207538,4.4354008660538025,137230,135.4,5,919,LARGE,150,,,
410,83250,83251,207666,4.4354008660538025,124416,143.4,1,922,LARGE,135,,,
330,67387,67390,207764,4.4354008660538025,140377,133.5,3,926,LARGE,152,,,
142,29212,29214,207818,4.4354008660538025,178606,105.3,2,931,LARGE,192,,,
177,37901,37905,208022,4.4354008660538025,170121,108.9,4,939,LARGE,182,,,
492,98321,98326,208084,4.4354008660538025,109763,150.3,5,937,LARGE,118,,,
115,24327,24331,208104,4.4354008660538025,183777,100.4,4,944,LARGE,195,,,
282,58755,58757,208142,4.4354008660538025,149387,125.7,2,942,LARGE,159,,,
5,1975,1978,208255,4.4354008660538025,206280,94.5,3,948,LARGE,218,,,
219,47786,47787,208288,4.4354008660538025,160502,118.6,1,950,LARGE,169,,,
208,45460,45463,208352,4.4354008660538025,162892,116.6,3,955,LARGE,171,,,
232,49631,49636,208360,4.4354008660538025,158729,120.0,5,954,LARGE,167,,,
290,59896,59901,208427,4.4354008660538025,148531,124.5,5,957,LARGE,156,,,
321,65931,65936,208437,4.4354008660538025,142506,128.8,5,960,LARGE,149,,,
310,64950,64954,208487,4.4354008660538025,143537,125.9,4,964,LARGE,149,,,
141,28578,28580,208519,4.4354008660538025,179941,101.9,2,965,LARGE,187,,,
10,2836,2838,208547,4.4354008660538025,205711,80.4,2,970,LARGE,213,,,
217,47082,47087,208595,4.4354008660538025,161513,115.3,5,974,LARGE,166,,,
281,58443,58445,208597,4.4354008660538025,150154,121.8,2,973,LARGE,155,,,
136,27482,27485,208620,4.4354008660538025,181138,100.4,3,978,LARGE,186,,,
94,21076,21080,208685,4.4354008660538025,187609,94.9,4,991,LARGE,190,,,
387,79632,79637,208691,4.4354008660538025,129059,131.5,5,995,LARGE,130,,,
401,82165,82167,208695,4.4354008660538025,126530,133.1,2,993,LARGE,128,,,
454,92385,92386,208707,4.4354008660538025,116322,139.1,1,1000,LARGE,117,,,
