pids,instantiation times,start times,finish times,average wait times,turnaround times,average queue lengths,response times,required cpu times,process sizes,turnaround times,efficiency,average response time,average queue length
0,41,42,77,692.5869994058229,36,0.0,1,34,TINY,2,0.7987407996064407,3.192,138
2,136,141,268,692.5869994058229,132,1.0,5,87,SMALL,2,,,
3,743,763,812,692.5869994058229,69,1.0,20,45,TINY,2,,,
1,75,78,1029,692.5869994058229,954,0.1,3,766,LARGE,2,,,
4,1309,1310,1353,692.5869994058229,44,0.0,1,41,TINY,2,,,
8,1597,1600,1623,692.5869994058229,26,3.0,3,20,TINY,2,,,
5,1500,1501,1680,692.5869994058229,180,0.7,1,56,SMALL,4,,,
7,1556,1565,1698,692.5869994058229,142,1.8,9,50,TINY,3,,,
6,1535,1543,1749,692.5869994058229,214,1.0,8,99,SMALL,3,,,
13,2103,2104,2131,692.5869994058229,28,4.0,1,22,TINY,2,,,
11,1929,1935,2278,692.5869994058229,349,3.0,6,104,SMALL,4,,,
10,1873,1880,2293,692.5869994058229,420,2.3,7,112,SMALL,4,,,
16,2820,2825,2883,692.5869994058229,63,4.0,5,47,TINY,2,,,
19,3814,3816,3835,692.5869994058229,21,6.0,2,16,TINY,2,,,
26,4571,4576,4648,692.5869994058229,77,12.0,5,58,SMALL,2,,,
27,4775,4779,4840,692.5869994058229,65,12.0,4,49,TINY,2,,,
37,6887,6891,7025,692.5869994058229,138,21.0,4,108,SMALL,2,,,
39,7313,7316,7373,692.5869994058229,60,22.0,3,46,TINY,2,,,
44,7899,7904,8013,692.5869994058229,114,26.0,5,68,SMALL,2,,,
33,6015,6016,8655,692.5869994058229,2640,19.0,1,169,SMALL,16,,,
41,7597,7599,8685,692.5869994058229,1088,24.0,2,172,SMALL,7,,,
46,9136,9141,9164,692.5869994058229,28,25.0,5,19,TINY,2,,,
48,9847,9850,9888,692.5869994058229,41,26.0,3,31,TINY,2,,,
50,10373,10374,10427,692.5869994058229,54,27.0,1,43,TINY,2,,,
53,11795,11798,11852,692.5869994058229,57,29.0,3,44,TINY,2,,,
56,12592,12593,12640,692.5869994058229,48,31.0,1,38,TINY,2,,,
57,12656,12661,12703,692.5869994058229,47,31.0,5,34,TINY,2,,,
58,13213,13214,13235,692.5869994058229,22,31.0,1,17,TINY,2,,,
59,13467,13471,13540,692.5869994058229,73,31.0,4,56,SMALL,2,,,
63,14633,14636,14678,692.5869994058229,45,34.0,3,34,TINY,2,,,
64,15006,15009,15176,692.5869994058229,170,34.0,3,134,SMALL,2,,,
20,3898,3901,15186,692.5869994058229,11288,13.2,3,280,LARGE,41,,,
65,15224,15227,15484,692.5869994058229,260,33.0,3,206,LARGE,2,,,
21,4199,4201,15779,692.5869994058229,11580,18.9,2,288,LARGE,41,,,
67,15796,15800,16363,692.5869994058229,567,34.1,4,95,SMALL,6,,,
70,16146,16150,16717,692.5869994058229,571,35.6,4,163,SMALL,4,,,
72,16892,16898,18311,692.5869994058229,1419,37.3,6,191,SMALL,8,,,
74,17387,17388,18344,692.5869994058229,957,39.1,1,194,SMALL,5,,,
81,18884,18885,19392,692.5869994058229,508,43.0,1,138,SMALL,4,,,
85,20042,20043,20074,692.5869994058229,32,46.0,1,25,TINY,2,,,
88,20286,20290,20313,692.5869994058229,27,48.0,4,19,TINY,2,,,
86,20226,20230,20326,692.5869994058229,100,46.6,4,30,TINY,4,,,
87,20240,20245,20338,692.5869994058229,98,46.7,5,37,TINY,3,,,
89,20527,20529,20578,692.5869994058229,51,46.0,2,40,TINY,2,,,
91,20748,20749,20807,692.5869994058229,59,47.0,1,47,TINY,2,,,
92,21028,21033,21059,692.5869994058229,31,47.0,5,21,TINY,2,,,
79,18611,18620,21102,692.5869994058229,2491,42.8,9,214,LARGE,12,,,
83,19453,19458,21150,692.5869994058229,1697,44.3,5,218,LARGE,8,,,
96,21802,21806,21893,692.5869994058229,91,48.0,4,38,TINY,3,,,
95,21791,21796,22462,692.5869994058229,671,47.1,5,227,LARGE,3,,,
99,22664,22668,22707,692.5869994058229,43,49.0,4,32,TINY,2,,,
101,23739,23743,23770,692.5869994058229,31,50.0,4,22,TINY,2,,,
109,25299,25301,25355,692.5869994058229,56,57.0,2,44,TINY,2,,,
105,24488,24491,25648,692.5869994058229,1160,53.5,3,162,SMALL,8,,,
110,25789,25794,25841,692.5869994058229,52,56.0,5,38,TINY,2,,,
111,25998,26002,26034,692.5869994058229,36,56.0,4,26,TINY,2,,,
119,27397,27400,27608,692.5869994058229,211,63.3,3,59,SMALL,4,,,
122,27819,27824,27891,692.5869994058229,72,65.0,5,46,TINY,2,,,
117,27312,27315,28126,692.5869994058229,814,62.9,3,112,SMALL,8,,,
124,28313,28317,28479,692.5869994058229,166,65.0,4,130,SMALL,2,,,
125,28813,28815,28967,692.5869994058229,154,65.0,2,122,SMALL,2,,,
129,29534,29538,29591,692.5869994058229,57,68.0,4,43,TINY,2,,,
130,29732,29737,29865,692.5869994058229,133,68.0,5,103,SMALL,2,,,
134,30329,30331,30465,692.5869994058229,136,71.0,2,40,TINY,4,,,
131,30192,30196,30787,692.5869994058229,595,68.4,4,109,SMALL,6,,,
139,31156,31158,31189,692.5869994058229,33,74.0,2,25,TINY,2,,,
140,31236,31240,31999,692.5869994058229,763,74.7,4,128,SMALL,6,,,
144,32111,32115,32166,692.5869994058229,55,77.0,4,41,TINY,2,,,
143,31579,31580,32244,692.5869994058229,665,76.9,1,142,SMALL,5,,,
137,30890,30893,32349,692.5869994058229,1459,74.0,3,156,SMALL,10,,,
135,30507,30511,32519,692.5869994058229,2012,72.3,4,176,SMALL,12,,,
142,31561,31565,32934,692.5869994058229,1373,75.8,4,208,LARGE,7,,,
145,32970,32975,33071,692.5869994058229,101,73.0,5,77,SMALL,2,,,
149,33581,33582,33663,692.5869994058229,82,76.0,1,33,TINY,3,,,
148,33573,33577,33670,692.5869994058229,97,75.7,4,41,TINY,3,,,
147,33477,33482,34652,692.5869994058229,1175,74.6,5,173,SMALL,7,,,
157,35616,35618,35630,692.5869994058229,14,81.0,2,10,TINY,2,,,
156,35584,35588,35783,692.5869994058229,199,80.3,4,50,TINY,4,,,
163,36078,36079,36125,692.5869994058229,47,85.0,1,25,TINY,2,,,
164,36152,36156,36177,692.5869994058229,25,85.0,4,17,TINY,2,,,
167,36415,36418,36505,692.5869994058229,90,87.0,3,50,TINY,2,,,
162,36056,36059,36887,692.5869994058229,831,84.6,3,121,SMALL,7,,,
161,35991,35994,37024,692.5869994058229,1033,84.1,3,137,SMALL,8,,,
155,35464,35468,37491,692.5869994058229,2027,81.7,4,173,SMALL,12,,,
169,37862,37867,38010,692.5869994058229,148,85.7,5,59,SMALL,3,,,
175,38684,38686,38704,692.5869994058229,20,90.0,2,15,TINY,2,,,
171,38069,38071,38719,692.5869994058229,650,86.4,2,124,SMALL,6,,,
170,37883,37887,38797,692.5869994058229,914,86.2,4,138,SMALL,7,,,
173,38303,38306,38819,692.5869994058229,516,88.4,3,141,SMALL,4,,,
172,38206,38211,38929,692.5869994058229,723,87.3,5,188,SMALL,4,,,
174,38375,38376,38934,692.5869994058229,559,88.1,1,188,SMALL,3,,,
177,39311,39315,39706,692.5869994058229,395,86.4,4,105,SMALL,4,,,
179,39514,39515,39756,692.5869994058229,242,87.8,1,124,SMALL,2,,,
181,39898,39902,39960,692.5869994058229,62,88.0,4,47,TINY,2,,,
188,40688,40691,40739,692.5869994058229,51,94.0,3,23,TINY,3,,,
185,40613,40616,40767,692.5869994058229,154,92.1,3,34,TINY,5,,,
189,40806,40808,40849,692.5869994058229,43,93.0,2,33,TINY,2,,,
184,40535,40536,40862,692.5869994058229,327,90.3,1,50,TINY,7,,,
186,40616,40621,40911,692.5869994058229,295,91.9,5,63,SMALL,5,,,
192,41180,41182,41213,692.5869994058229,33,93.5,2,13,TINY,3,,,
190,40940,40942,41388,692.5869994058229,448,92.0,2,100,SMALL,5,,,
200,42936,42939,42971,692.5869994058229,35,99.0,3,26,TINY,2,,,
198,42447,42449,43068,692.5869994058229,621,97.6,2,153,SMALL,5,,,
201,43145,43149,43241,692.5869994058229,96,98.0,4,74,SMALL,2,,,
194,41789,41794,43309,692.5869994058229,1520,93.5,5,186,SMALL,9,,,
196,42261,42264,43357,692.5869994058229,1096,96.3,3,190,SMALL,6,,,
202,44117,44118,44151,692.5869994058229,34,96.0,1,27,TINY,2,,,
120,27486,27490,44316,692.5869994058229,16830,67.4,4,244,LARGE,69,,,
203,44444,44447,44500,692.5869994058229,56,95.2,3,23,TINY,3,,,
204,44469,44472,44522,692.5869994058229,53,95.5,3,37,TINY,2,,,
205,44526,44528,45054,692.5869994058229,528,95.3,2,141,SMALL,4,,,
208,45335,45340,45383,692.5869994058229,48,97.0,5,35,TINY,2,,,
210,45557,45559,45600,692.5869994058229,43,98.0,2,33,TINY,2,,,
211,45975,45976,46023,692.5869994058229,48,98.0,1,38,TINY,2,,,
214,46312,46314,46357,692.5869994058229,45,100.0,2,31,TINY,2,,,
213,46278,46279,46541,692.5869994058229,263,99.0,1,179,SMALL,2,,,
216,46653,46657,46711,692.5869994058229,58,100.0,4,44,TINY,2,,,
220,47426,47427,47581,692.5869994058229,155,103.0,1,124,SMALL,2,,,
222,48547,48552,48824,692.5869994058229,277,104.6,5,110,SMALL,3,,,
226,49502,49505,49608,692.5869994058229,106,107.2,3,43,TINY,3,,,
228,49682,49684,49783,692.5869994058229,101,108.0,2,80,SMALL,2,,,
229,49837,49839,49888,692.5869994058229,51,108.0,2,40,TINY,2,,,
231,49959,49964,50815,692.5869994058229,856,112.4,5,73,SMALL,12,,,
232,49992,49994,50817,692.5869994058229,825,112.7,2,73,SMALL,12,,,
246,51815,51818,51942,692.5869994058229,127,122.0,3,40,TINY,4,,,
247,52053,52058,52081,692.5869994058229,28,122.0,5,19,TINY,2,,,
248,52110,52112,52206,692.5869994058229,96,122.9,2,40,TINY,3,,,
243,51741,51743,52308,692.5869994058229,567,121.0,2,89,SMALL,7,,,
252,52563,52564,52613,692.5869994058229,50,124.0,1,40,TINY,2,,,
253,53113,53114,53222,692.5869994058229,109,124.0,1,87,SMALL,2,,,
241,51422,51423,53256,692.5869994058229,1834,117.9,1,139,SMALL,14,,,
242,51571,51573,53261,692.5869994058229,1690,118.7,2,140,SMALL,13,,,
255,53753,53757,53883,692.5869994058229,130,123.0,4,101,SMALL,2,,,
259,54909,54914,55056,692.5869994058229,147,126.0,5,106,SMALL,2,,,
254,53272,53277,55251,692.5869994058229,1979,122.1,5,184,SMALL,11,,,
266,56162,56167,56224,692.5869994058229,62,131.0,5,46,TINY,2,,,
270,56535,56540,56653,692.5869994058229,118,134.0,5,39,TINY,4,,,
277,57609,57614,57793,692.5869994058229,184,140.3,5,48,TINY,4,,,
275,57538,57539,57846,692.5869994058229,308,139.0,1,58,SMALL,6,,,
264,56015,56017,58280,692.5869994058229,2265,131.8,2,131,SMALL,18,,,
280,58415,58416,58597,692.5869994058229,182,141.0,1,49,TINY,4,,,
282,58507,58511,58749,692.5869994058229,242,141.5,4,97,SMALL,3,,,
276,57591,57594,59054,692.5869994058229,1463,139.5,3,144,SMALL,11,,,
285,59466,59470,59526,692.5869994058229,60,142.0,4,45,TINY,2,,,
286,60204,60207,60281,692.5869994058229,77,142.0,3,60,SMALL,2,,,
287,60281,60282,60375,692.5869994058229,94,142.0,1,75,SMALL,2,,,
289,60554,60556,60608,692.5869994058229,54,143.0,2,42,TINY,2,,,
290,60830,60834,60860,692.5869994058229,30,143.0,4,21,TINY,2,,,
291,60928,60931,61067,692.5869994058229,139,143.6,3,37,TINY,4,,,
298,61925,61928,61941,692.5869994058229,16,149.0,3,11,TINY,2,,,
299,62016,62017,62073,692.5869994058229,57,149.0,1,45,TINY,2,,,
301,62319,62324,62345,692.5869994058229,26,150.0,5,17,TINY,2,,,
303,62483,62486,62533,692.5869994058229,50,151.0,3,38,TINY,2,,,
296,61515,61518,62862,692.5869994058229,1347,147.5,3,175,SMALL,8,,,
297,61883,61888,62865,692.5869994058229,982,148.2,5,174,SMALL,6,,,
265,56016,56022,63233,692.5869994058229,7217,135.2,6,198,SMALL,37,,,
250,52417,52419,63402,692.5869994058229,10985,123.8,2,203,LARGE,55,,,
305,63532,63533,63606,692.5869994058229,74,148.4,1,31,TINY,3,,,
307,63800,63802,63828,692.5869994058229,28,149.0,2,21,TINY,2,,,
314,64531,64534,64602,692.5869994058229,71,155.0,3,47,TINY,2,,,
315,64670,64673,65490,692.5869994058229,820,155.9,3,106,SMALL,8,,,
310,64161,64164,66008,692.5869994058229,1847,154.4,3,126,SMALL,15,,,
322,66181,66184,66248,692.5869994058229,67,160.0,3,28,TINY,3,,,
323,66245,66249,66273,692.5869994058229,28,160.0,4,20,TINY,2,,,
328,67294,67299,67337,692.5869994058229,43,164.0,5,31,TINY,2,,,
329,67694,67698,67842,692.5869994058229,148,164.3,4,60,SMALL,3,,,
335,68131,68133,68215,692.5869994058229,84,169.0,2,34,TINY,3,,,
336,68245,68246,68275,692.5869994058229,30,169.0,1,24,TINY,2,,,
337,68300,68301,68329,692.5869994058229,29,169.0,1,23,TINY,2,,,
334,68059,68063,68612,692.5869994058229,553,168.5,4,94,SMALL,6,,,
330,67744,67748,68770,692.5869994058229,1026,165.3,4,126,SMALL,9,,,
339,68910,68911,68953,692.5869994058229,43,168.0,1,34,TINY,2,,,
331,67872,67873,68956,692.5869994058229,1084,165.8,1,154,SMALL,8,,,
341,69188,69192,69258,692.5869994058229,70,168.0,4,37,TINY,2,,,
346,70421,70424,70557,692.5869994058229,136,172.0,3,107,SMALL,2,,,
349,70861,70863,70922,692.5869994058229,61,174.0,2,48,TINY,2,,,
350,71354,71358,71541,692.5869994058229,187,174.4,4,75,SMALL,3,,,
352,71587,71592,71679,692.5869994058229,92,175.0,5,70,SMALL,2,,,
340,69158,69162,71993,692.5869994058229,2835,167.6,4,195,SMALL,15,,,
354,72245,72249,72315,692.5869994058229,70,175.0,4,41,TINY,2,,,
357,73258,73261,73305,692.5869994058229,47,177.0,3,36,TINY,2,,,
359,73639,73641,73664,692.5869994058229,25,178.0,2,19,TINY,2,,,
360,73904,73905,74092,692.5869994058229,188,178.0,1,150,SMALL,2,,,
361,74091,74093,74105,692.5869994058229,14,178.0,2,10,TINY,2,,,
362,74209,74211,74229,692.5869994058229,20,178.0,2,15,TINY,2,,,
363,74270,74275,74416,692.5869994058229,146,178.0,5,113,SMALL,2,,,
365,74507,74512,74543,692.5869994058229,36,179.0,5,25,TINY,2,,,
364,74437,74442,74566,692.5869994058229,129,178.0,5,74,SMALL,2,,,
261,55778,55782,74740,692.5869994058229,18962,136.2,4,215,LARGE,89,,,
370,75427,75431,75459,692.5869994058229,32,181.0,4,23,TINY,2,,,
371,75574,75575,75591,692.5869994058229,17,181.0,1,13,TINY,2,,,
377,76324,76327,76340,692.5869994058229,16,186.0,3,11,TINY,2,,,
373,75897,75902,76838,692.5869994058229,941,183.6,5,130,SMALL,8,,,
374,75906,75907,76917,692.5869994058229,1011,183.8,1,143,SMALL,8,,,
380,77279,77283,77575,692.5869994058229,296,186.0,4,154,SMALL,2,,,
379,77187,77188,77604,692.5869994058229,417,185.4,1,179,SMALL,3,,,
381,77626,77630,77836,692.5869994058229,210,185.0,4,165,SMALL,2,,,
383,78193,78197,78331,692.5869994058229,138,186.1,4,56,SMALL,3,,,
318,64954,64958,78641,692.5869994058229,13687,161.8,4,216,LARGE,64,,,
244,51761,51763,78855,692.5869994058229,27094,126.8,2,219,LARGE,124,,,
389,79194,79196,79245,692.5869994058229,51,189.0,2,36,TINY,2,,,
388,79154,79156,79582,692.5869994058229,428,188.2,2,101,SMALL,5,,,
391,79618,79623,79664,692.5869994058229,46,189.0,5,33,TINY,2,,,
390,79402,79406,80476,692.5869994058229,1074,188.9,4,181,SMALL,6,,,
394,80613,80617,80640,692.5869994058229,27,190.0,4,19,TINY,2,,,
283,59072,59075,80769,692.5869994058229,21697,143.5,3,219,LARGE,100,,,
313,64481,64484,80843,692.5869994058229,16362,160.8,3,219,LARGE,75,,,
395,80995,80999,81117,692.5869994058229,122,188.0,4,95,SMALL,2,,,
402,82490,82493,82540,692.5869994058229,50,194.0,3,38,TINY,2,,,
404,82689,82691,82762,692.5869994058229,73,195.0,2,37,TINY,2,,,
408,83327,83328,83362,692.5869994058229,35,198.0,1,20,TINY,2,,,
410,83581,83583,83624,692.5869994058229,43,199.0,2,33,TINY,2,,,
411,84003,84005,84059,692.5869994058229,56,199.0,2,44,TINY,2,,,
399,81817,81818,84164,692.5869994058229,2347,192.7,1,192,SMALL,13,,,
412,84289,84290,84511,692.5869994058229,222,198.0,1,177,SMALL,2,,,
413,84593,84597,84644,692.5869994058229,51,198.0,4,38,TINY,2,,,
415,84959,84960,85007,692.5869994058229,48,199.0,1,38,TINY,2,,,
417,85245,85248,85341,692.5869994058229,96,200.0,3,75,SMALL,2,,,
420,85728,85732,85891,692.5869994058229,163,202.0,4,128,SMALL,2,,,
421,85942,85947,85985,692.5869994058229,43,202.0,5,31,TINY,2,,,
425,86328,86331,86358,692.5869994058229,30,205.0,3,14,TINY,3,,,
423,86280,86281,86432,692.5869994058229,152,203.4,1,55,SMALL,3,,,
426,86538,86543,86555,692.5869994058229,17,204.0,5,10,TINY,2,,,
419,85461,85462,86635,692.5869994058229,1174,201.2,1,176,SMALL,7,,,
427,86789,86791,86828,692.5869994058229,39,203.0,2,30,TINY,2,,,
355,72552,72556,87025,692.5869994058229,14473,175.9,4,221,LARGE,66,,,
429,87917,87921,88039,692.5869994058229,122,203.0,4,95,SMALL,2,,,
428,87750,87751,88076,692.5869994058229,326,202.0,1,165,SMALL,2,,,
430,88082,88087,88160,692.5869994058229,78,202.0,5,59,SMALL,2,,,
434,88362,88366,88383,692.5869994058229,21,205.0,4,14,TINY,2,,,
441,89078,89079,89133,692.5869994058229,55,211.0,1,44,TINY,2,,,
450,90281,90284,90375,692.5869994058229,94,219.0,3,73,SMALL,2,,,
451,90562,90566,90599,692.5869994058229,37,220.0,4,15,TINY,3,,,
438,88663,88664,90957,692.5869994058229,2294,209.8,1,110,SMALL,21,,,
456,91545,91548,91641,692.5869994058229,96,222.0,3,75,SMALL,2,,,
458,91788,91792,91893,692.5869994058229,105,223.0,4,81,SMALL,2,,,
460,92207,92209,92245,692.5869994058229,38,224.0,2,29,TINY,2,,,
462,92687,92691,92840,692.5869994058229,153,225.0,4,96,SMALL,2,,,
463,92969,92971,92985,692.5869994058229,16,225.0,2,12,TINY,2,,,
457,91646,91647,92994,692.5869994058229,1348,222.1,1,143,SMALL,10,,,
445,89533,89534,93173,692.5869994058229,3640,217.5,1,151,SMALL,25,,,
466,93799,93804,93816,692.5869994058229,17,225.0,5,10,TINY,2,,,
455,91016,91018,94055,692.5869994058229,3039,221.5,2,167,SMALL,19,,,
470,94531,94536,94598,692.5869994058229,67,227.0,5,42,TINY,2,,,
469,94489,94491,94668,692.5869994058229,179,226.1,2,100,SMALL,2,,,
475,95157,95159,95827,692.5869994058229,670,230.0,2,167,SMALL,5,,,
436,88547,88549,96026,692.5869994058229,7479,214.4,2,179,SMALL,42,,,
476,96054,96057,96096,692.5869994058229,42,229.0,3,32,TINY,2,,,
452,90565,90571,96119,692.5869994058229,5554,220.7,6,178,SMALL,32,,,
453,90788,90790,96123,692.5869994058229,5335,221.2,2,179,SMALL,30,,,
477,96229,96234,96291,692.5869994058229,62,227.0,5,46,TINY,2,,,
480,96456,96457,96510,692.5869994058229,54,229.0,1,43,TINY,2,,,
481,96733,96736,96772,692.5869994058229,39,229.0,3,29,TINY,2,,,
487,97269,97273,97364,692.5869994058229,95,235.7,4,25,TINY,4,,,
488,97272,97278,97389,692.5869994058229,117,235.6,6,36,TINY,4,,,
486,97187,97188,97437,692.5869994058229,250,233.1,1,70,SMALL,4,,,
490,97516,97518,97820,692.5869994058229,304,234.9,2,82,SMALL,4,,,
493,98131,98136,98252,692.5869994058229,121,236.0,5,93,SMALL,2,,,
479,96391,96392,98696,692.5869994058229,2305,228.4,1,155,SMALL,15,,,
495,98758,98762,98811,692.5869994058229,53,236.0,4,40,TINY,2,,,
497,99084,99087,99269,692.5869994058229,185,237.0,3,130,SMALL,2,,,
485,96949,96958,99316,692.5869994058229,2367,233.6,9,169,SMALL,15,,,
499,99539,99542,99711,692.5869994058229,172,237.0,3,116,SMALL,2,,,
496,98939,98942,100070,692.5869994058229,1131,236.0,3,187,SMALL,7,,,
498,99419,99422,100242,692.5869994058229,823,236.1,3,189,SMALL,5,,,
435,88534,88539,100424,692.5869994058229,11890,216.2,5,197,SMALL,61,,,
446,89550,89554,100937,692.5869994058229,11387,220.8,4,210,LARGE,55,,,
472,94839,94844,101615,692.5869994058229,6776,229.0,5,226,LARGE,30,,,
368,75196,75201,101909,692.5869994058229,26713,182.1,5,231,LARGE,116,,,
393,79852,79860,102602,692.5869994058229,22750,191.5,8,234,LARGE,98,,,
326,66656,66659,104357,692.5869994058229,37701,171.7,3,248,LARGE,153,,,
182,40122,40126,105517,692.5869994058229,65395,91.1,4,256,LARGE,256,,,
168,37262,37265,106375,692.5869994058229,69113,90.2,3,258,LARGE,268,,,
180,39793,39797,106389,692.5869994058229,66596,92.5,4,259,LARGE,258,,,
345,70065,70069,106772,692.5869994058229,36707,179.9,4,258,LARGE,143,,,
300,62199,62204,107540,692.5869994058229,45341,163.2,5,262,LARGE,174,,,
405,82869,82873,108643,692.5869994058229,25774,200.5,4,266,LARGE,97,,,
468,94257,94261,108777,692.5869994058229,14520,227.4,4,267,LARGE,55,,,
492,97575,97583,108824,692.5869994058229,11249,233.8,8,265,LARGE,43,,,
165,36312,36313,108988,692.5869994058229,72676,96.3,1,271,LARGE,269,,,
387,79067,79071,109468,692.5869994058229,30401,194.8,4,272,LARGE,112,,,
465,93734,93739,110480,692.5869994058229,16746,226.0,5,273,LARGE,62,,,
251,52456,52459,110955,692.5869994058229,58499,147.4,3,280,LARGE,209,,,
113,26717,26720,111593,692.5869994058229,84876,83.0,3,282,LARGE,301,,,
311,64221,64224,112015,692.5869994058229,47794,173.9,3,281,LARGE,171,,,
327,66821,66824,112059,692.5869994058229,45238,178.2,3,283,LARGE,160,,,
432,88217,88221,112258,692.5869994058229,24041,217.9,4,283,LARGE,85,,,
309,64140,64144,113055,692.5869994058229,48915,174.2,4,285,LARGE,172,,,
484,96949,96953,114460,692.5869994058229,17511,231.0,4,292,LARGE,60,,,
116,27000,27005,116884,692.5869994058229,89884,92.4,5,303,LARGE,297,,,
249,52114,52117,117151,692.5869994058229,65037,152.1,3,301,LARGE,217,,,
118,27322,27325,118980,692.5869994058229,91658,96.5,3,311,LARGE,295,,,
75,17440,17443,120955,692.5869994058229,103515,64.0,3,320,LARGE,324,,,
123,27919,27922,122104,692.5869994058229,94185,101.3,3,323,LARGE,292,,,
443,89358,89359,125839,692.5869994058229,36481,219.3,1,336,LARGE,109,,,
32,5904,5906,128051,692.5869994058229,122147,55.9,2,345,LARGE,355,,,
219,47248,47252,128443,692.5869994058229,81195,133.7,4,345,LARGE,236,,,
236,50215,50219,129505,692.5869994058229,79290,156.9,4,349,LARGE,228,,,
225,49255,49260,130488,692.5869994058229,81233,150.8,5,354,LARGE,230,,,
267,56443,56445,131577,692.5869994058229,75134,167.9,2,359,LARGE,210,,,
431,88174,88176,131905,692.5869994058229,43731,215.2,2,358,LARGE,123,,,
344,69743,69744,133732,692.5869994058229,63989,187.8,1,365,LARGE,176,,,
159,35678,35681,134375,692.5869994058229,98697,124.9,3,370,LARGE,267,,,
348,70759,70763,134727,692.5869994058229,63968,189.2,4,369,LARGE,174,,,
76,17704,17708,135176,692.5869994058229,117472,84.9,4,375,LARGE,314,,,
293,61009,61011,136581,692.5869994058229,75572,174.3,2,380,LARGE,199,,,
320,65721,65726,136636,692.5869994058229,70915,183.0,5,380,LARGE,187,,,
324,66560,66564,136645,692.5869994058229,70085,184.3,4,379,LARGE,185,,,
478,96311,96312,136918,692.5869994058229,40607,222.2,1,378,LARGE,108,,,
422,85986,85991,140645,692.5869994058229,54659,204.9,5,393,LARGE,140,,,
29,5133,5136,140818,692.5869994058229,135685,72.8,3,398,LARGE,341,,,
376,76297,76302,141502,692.5869994058229,65205,195.4,5,399,LARGE,164,,,
409,83458,83463,141574,692.5869994058229,58116,202.5,5,397,LARGE,147,,,
233,50051,50054,142178,692.5869994058229,92127,161.4,3,403,LARGE,229,,,
25,4310,4311,142688,692.5869994058229,138378,74.3,1,408,LARGE,340,,,
34,6034,6036,142705,692.5869994058229,136671,76.5,2,405,LARGE,338,,,
332,68037,68038,143295,692.5869994058229,75258,186.8,1,408,LARGE,185,,,
439,88939,88944,143470,692.5869994058229,54531,213.8,5,408,LARGE,134,,,
166,36346,36348,144830,692.5869994058229,108484,132.5,2,416,LARGE,261,,,
258,54728,54729,144982,692.5869994058229,90254,165.4,1,413,LARGE,219,,,
218,46978,46982,146710,692.5869994058229,99732,143.5,4,422,LARGE,237,,,
191,40964,40967,148448,692.5869994058229,107484,138.1,3,430,LARGE,250,,,
440,89005,89009,148876,692.5869994058229,59871,212.0,4,430,LARGE,140,,,
146,33184,33187,149281,692.5869994058229,116097,128.4,3,436,LARGE,267,,,
260,55291,55292,149460,692.5869994058229,94169,165.9,1,435,LARGE,217,,,
223,48606,48607,150274,692.5869994058229,101668,152.1,1,439,LARGE,232,,,
378,76535,76536,151408,692.5869994058229,74873,193.9,1,443,LARGE,170,,,
103,24176,24181,151823,692.5869994058229,127647,114.1,5,448,LARGE,285,,,
347,70668,70673,152228,692.5869994058229,81560,187.8,5,448,LARGE,183,,,
23,4258,4261,152495,692.5869994058229,148237,84.2,3,449,LARGE,331,,,
367,75011,75016,153108,692.5869994058229,78097,190.7,5,450,LARGE,174,,,
68,15872,15875,153453,692.5869994058229,137581,99.2,3,456,LARGE,302,,,
187,40678,40681,153663,692.5869994058229,112985,139.9,3,456,LARGE,248,,,
221,47974,47977,154550,692.5869994058229,106576,146.6,3,457,LARGE,234,,,
60,13677,13681,155109,692.5869994058229,141432,94.1,4,463,LARGE,306,,,
78,18611,18615,155149,692.5869994058229,136538,104.3,4,464,LARGE,295,,,
448,89993,89994,155742,692.5869994058229,65749,210.5,1,462,LARGE,143,,,
108,25135,25136,156034,692.5869994058229,130899,118.9,1,465,LARGE,282,,,
302,62362,62366,156338,692.5869994058229,93976,177.0,4,467,LARGE,202,,,
401,82007,82008,156491,692.5869994058229,74484,196.5,1,466,LARGE,160,,,
467,94177,94181,158180,692.5869994058229,64003,211.5,4,475,LARGE,135,,,
235,50119,50124,161009,692.5869994058229,110890,162.9,5,491,LARGE,226,,,
400,81958,81963,161272,692.5869994058229,79314,194.6,5,490,LARGE,162,,,
474,95124,95129,161370,692.5869994058229,66246,211.3,5,490,LARGE,136,,,
178,39422,39425,162498,692.5869994058229,123076,139.1,3,498,LARGE,248,,,
273,57013,57014,163418,692.5869994058229,106405,170.7,1,504,LARGE,212,,,
35,6276,6281,163786,692.5869994058229,157510,94.5,5,506,LARGE,312,,,
240,50977,50978,164906,692.5869994058229,113929,162.8,1,512,LARGE,223,,,
206,44676,44678,166363,692.5869994058229,121687,143.6,2,517,LARGE,236,,,
372,75852,75857,166613,692.5869994058229,90761,188.0,5,520,LARGE,175,,,
256,54322,54324,170187,692.5869994058229,115865,163.7,2,539,LARGE,215,,,
454,90998,91003,170474,692.5869994058229,79476,203.2,5,537,LARGE,148,,,
294,61356,61358,171001,692.5869994058229,109645,172.3,2,541,LARGE,203,,,
433,88300,88301,171184,692.5869994058229,82884,199.8,1,542,LARGE,153,,,
43,7843,7844,171337,692.5869994058229,163494,100.2,1,546,LARGE,300,,,
127,29164,29168,172225,692.5869994058229,143061,132.1,4,550,LARGE,261,,,
138,30907,30908,172249,692.5869994058229,141342,134.6,1,551,LARGE,257,,,
160,35863,35864,172287,692.5869994058229,136424,138.5,1,550,LARGE,249,,,
416,85113,85118,174040,692.5869994058229,88927,191.3,5,558,LARGE,160,,,
38,7032,7036,174188,692.5869994058229,167156,100.2,4,562,LARGE,298,,,
215,46573,46577,174461,692.5869994058229,127888,145.4,4,562,LARGE,228,,,
288,60373,60376,174569,692.5869994058229,114196,169.7,3,562,LARGE,204,,,
71,16891,16893,174952,692.5869994058229,158061,110.6,2,566,LARGE,280,,,
385,78893,78896,175379,692.5869994058229,96486,185.6,3,565,LARGE,171,,,
12,1930,1943,175511,692.5869994058229,173581,103.6,13,566,LARGE,307,,,
494,98358,98363,176186,692.5869994058229,77828,204.1,5,572,LARGE,137,,,
154,34902,34903,177795,692.5869994058229,142893,136.2,1,583,LARGE,246,,,
312,64397,64399,178642,692.5869994058229,114245,173.9,2,585,LARGE,196,,,
141,31339,31340,179099,692.5869994058229,147760,135.0,1,589,LARGE,251,,,
461,92598,92601,179479,692.5869994058229,86881,198.1,3,592,LARGE,147,,,
62,14130,14131,179621,692.5869994058229,165491,106.3,1,593,LARGE,280,,,
209,45391,45394,179813,692.5869994058229,134422,143.4,3,593,LARGE,227,,,
36,6564,6566,180213,692.5869994058229,173649,101.9,2,600,LARGE,290,,,
397,81581,81583,180697,692.5869994058229,99116,184.6,2,599,LARGE,166,,,
47,9748,9750,180865,692.5869994058229,171117,103.6,2,602,LARGE,285,,,
104,24339,24341,182217,692.5869994058229,157878,122.9,2,609,LARGE,260,,,
284,59377,59380,182441,692.5869994058229,123064,166.1,3,611,LARGE,202,,,
61,13870,13871,182766,692.5869994058229,168896,106.6,1,616,LARGE,275,,,
343,69690,69694,183123,692.5869994058229,113433,175.5,4,613,LARGE,186,,,
437,88626,88629,183223,692.5869994058229,94597,192.4,3,616,LARGE,154,,,
464,93593,93594,183253,692.5869994058229,89660,195.0,1,616,LARGE,146,,,
398,81656,81658,183793,692.5869994058229,102137,182.7,2,620,LARGE,165,,,
82,19433,19438,183997,692.5869994058229,164564,114.5,5,623,LARGE,265,,,
84,19967,19968,184002,692.5869994058229,164035,114.8,1,624,LARGE,263,,,
133,30319,30321,184087,692.5869994058229,153768,133.5,2,624,LARGE,247,,,
42,7709,7714,184526,692.5869994058229,176817,103.8,5,627,LARGE,283,,,
126,28981,28983,184651,692.5869994058229,155670,131.2,2,628,LARGE,248,,,
55,12110,12113,185125,692.5869994058229,173015,105.8,3,631,LARGE,275,,,
94,21659,21661,185163,692.5869994058229,163504,115.4,2,630,LARGE,260,,,
245,51770,51773,185336,692.5869994058229,133566,158.4,3,630,LARGE,213,,,
98,22623,22628,185723,692.5869994058229,163100,117.0,5,633,LARGE,258,,,
353,72207,72209,186557,692.5869994058229,114350,174.2,2,639,LARGE,179,,,
396,81165,81168,186607,692.5869994058229,105442,178.8,3,640,LARGE,165,,,
239,50554,50559,188041,692.5869994058229,137487,155.9,5,651,LARGE,212,,,
356,72953,72956,188170,692.5869994058229,115217,173.6,3,651,LARGE,177,,,
406,83096,83098,188218,692.5869994058229,105122,180.2,2,650,LARGE,162,,,
281,58430,58431,188621,692.5869994058229,130191,162.3,1,654,LARGE,200,,,
338,68368,68370,188678,692.5869994058229,120310,170.9,2,653,LARGE,185,,,
237,50388,50389,189585,692.5869994058229,139197,154.8,1,661,LARGE,211,,,
424,86317,86321,189768,692.5869994058229,103451,181.0,4,662,LARGE,157,,,
93,21556,21561,189935,692.5869994058229,168379,114.7,5,665,LARGE,254,,,
212,46051,46054,191049,692.5869994058229,144998,140.1,3,675,LARGE,215,,,
279,58315,58316,191127,692.5869994058229,132812,160.2,1,674,LARGE,198,,,
342,69561,69564,191671,692.5869994058229,122110,168.6,3,679,LARGE,180,,,
369,75290,75291,191688,692.5869994058229,116398,171.9,1,677,LARGE,172,,,
459,92145,92149,192233,692.5869994058229,100088,185.8,4,684,LARGE,147,,,
153,34343,34346,192452,692.5869994058229,158109,132.3,3,687,LARGE,231,,,
444,89404,89409,192692,692.5869994058229,103288,183.9,5,688,LARGE,151,,,
158,35654,35656,192919,692.5869994058229,157265,133.9,2,689,LARGE,229,,,
384,78257,78262,193111,692.5869994058229,114854,172.2,5,689,LARGE,167,,,
54,12019,12023,193264,692.5869994058229,181245,105.2,4,694,LARGE,262,,,
278,57674,57679,193923,692.5869994058229,136249,157.9,5,699,LARGE,195,,,
295,61463,61468,193933,692.5869994058229,132470,159.9,5,700,LARGE,190,,,
449,90092,90094,194048,692.5869994058229,103956,182.8,2,700,LARGE,149,,,
30,5181,5186,194120,692.5869994058229,188939,101.1,5,701,LARGE,270,,,
66,15778,15780,194580,692.5869994058229,178802,109.6,2,708,LARGE,253,,,
132,30312,30316,194659,692.5869994058229,164347,129.3,4,707,LARGE,233,,,
319,65675,65676,195234,692.5869994058229,129559,162.5,1,712,LARGE,182,,,
333,68038,68043,195658,692.5869994058229,127620,164.1,5,715,LARGE,179,,,
69,16040,16045,195827,692.5869994058229,179787,109.3,5,719,LARGE,251,,,
491,97574,97578,196555,692.5869994058229,98981,183.2,4,722,LARGE,138,,,
136,30840,30843,197093,692.5869994058229,166253,128.1,3,730,LARGE,228,,,
199,42552,42554,197525,692.5869994058229,154973,135.0,2,733,LARGE,212,,,
9,1753,1754,197738,692.5869994058229,195985,115.9,1,737,LARGE,266,,,
375,76238,76242,199180,692.5869994058229,122942,164.4,4,749,LARGE,165,,,
471,94710,94714,199229,692.5869994058229,104519,177.3,4,751,LARGE,140,,,
489,97283,97288,199247,692.5869994058229,101964,179.0,5,750,LARGE,136,,,
77,18518,18520,199686,692.5869994058229,181168,109.6,2,759,LARGE,239,,,
271,56922,56924,200209,692.5869994058229,143287,150.4,2,762,LARGE,189,,,
45,9087,9091,200739,692.5869994058229,191652,100.8,4,772,LARGE,249,,,
100,23247,23248,200779,692.5869994058229,177532,112.0,1,772,LARGE,230,,,
238,50396,50399,201238,692.5869994058229,150842,144.2,3,775,LARGE,195,,,
386,79006,79011,201338,692.5869994058229,122332,162.3,5,776,LARGE,158,,,
442,89334,89339,202372,692.5869994058229,113038,170.1,5,787,LARGE,144,,,
358,73571,73576,202995,692.5869994058229,129424,157.0,5,794,LARGE,164,,,
15,2735,2741,203055,692.5869994058229,200320,96.7,6,799,LARGE,251,,,
351,71414,71418,203318,692.5869994058229,131904,155.9,4,798,LARGE,166,,,
52,10852,10853,204057,692.5869994058229,193205,100.0,1,811,LARGE,239,,,
268,56504,56505,204204,692.5869994058229,147700,145.1,1,809,LARGE,183,,,
152,34208,34211,204439,692.5869994058229,170231,122.9,3,816,LARGE,209,,,
150,33726,33731,204734,692.5869994058229,171008,122.2,5,820,LARGE,209,,,
366,74878,74881,204869,692.5869994058229,129991,154.6,3,820,LARGE,159,,,
403,82665,82666,204881,692.5869994058229,122216,158.9,1,817,LARGE,150,,,
207,44761,44763,205060,692.5869994058229,160299,127.6,2,823,LARGE,195,,,
230,49905,49909,205079,692.5869994058229,155174,139.0,4,823,LARGE,189,,,
102,24174,24176,205273,692.5869994058229,181099,112.5,2,827,LARGE,219,,,
106,24832,24836,205276,692.5869994058229,180444,113.7,4,826,LARGE,219,,,
272,56956,56959,205645,692.5869994058229,148689,143.2,3,831,LARGE,179,,,
392,79851,79855,205697,692.5869994058229,125846,155.9,4,829,LARGE,152,,,
316,64796,64798,205929,692.5869994058229,141133,148.1,2,833,LARGE,170,,,
107,25035,25036,206057,692.5869994058229,181022,113.0,1,838,LARGE,217,,,
183,40496,40501,206339,692.5869994058229,165843,124.5,5,841,LARGE,198,,,
257,54652,54654,207576,692.5869994058229,152924,136.6,2,861,LARGE,178,,,
317,64912,64913,207618,692.5869994058229,142706,145.0,1,861,LARGE,166,,,
17,3140,3142,207678,692.5869994058229,204538,88.5,2,868,LARGE,236,,,
31,5507,5511,207701,692.5869994058229,202194,94.4,4,866,LARGE,234,,,
482,96775,96778,208329,692.5869994058229,111554,161.4,3,874,LARGE,128,,,
325,66567,66569,208512,692.5869994058229,141945,143.9,2,878,LARGE,162,,,
197,42383,42384,208654,692.5869994058229,166271,122.1,1,881,LARGE,189,,,
308,64094,64099,208711,692.5869994058229,144617,142.0,5,881,LARGE,165,,,
18,3709,3711,208759,692.5869994058229,205050,89.9,2,886,LARGE,232,,,
49,9902,9904,208782,692.5869994058229,198880,95.1,2,886,LARGE,225,,,
128,29165,29173,208832,692.5869994058229,179667,114.4,8,888,LARGE,203,,,
321,66177,66179,209097,692.5869994058229,142920,141.9,2,892,LARGE,161,,,
151,33871,33876,209206,692.5869994058229,175335,115.8,5,895,LARGE,196,,,
262,55858,55862,209245,692.5869994058229,153387,135.1,4,895,LARGE,172,,,
473,95012,95014,209304,692.5869994058229,114292,157.8,2,895,LARGE,128,,,
51,10692,10693,209339,692.5869994058229,198647,94.6,1,900,LARGE,221,,,
195,41943,41944,209392,692.5869994058229,167449,119.9,1,898,LARGE,187,,,
306,63556,63558,209442,692.5869994058229,145886,138.0,2,900,LARGE,163,,,
414,84880,84885,209456,692.5869994058229,124576,149.6,5,899,LARGE,139,,,
97,22483,22488,209513,692.5869994058229,187030,101.9,5,901,LARGE,208,,,
234,50083,50084,209840,692.5869994058229,159757,129.8,1,909,LARGE,176,,,
40,7511,7514,210047,692.5869994058229,202536,92.3,3,917,LARGE,221,,,
382,77877,77882,210134,692.5869994058229,132257,143.6,5,917,LARGE,145,,,
217,46814,46817,210221,692.5869994058229,163407,119.2,3,921,LARGE,178,,,
90,20637,20639,210548,692.5869994058229,189911,98.8,2,933,LARGE,204,,,
121,27773,27774,210568,692.5869994058229,182795,109.4,1,936,LARGE,196,,,
176,38965,38970,210570,692.5869994058229,171605,114.0,5,933,LARGE,184,,,
447,89783,89784,210623,692.5869994058229,120840,150.2,1,934,LARGE,130,,,
14,2363,2367,210633,692.5869994058229,208270,92.9,4,940,LARGE,222,,,
269,56510,56515,210790,692.5869994058229,154280,130.1,5,941,LARGE,164,,,
304,63429,63433,210805,692.5869994058229,147376,132.5,4,944,LARGE,157,,,
418,85407,85412,210812,692.5869994058229,125405,144.1,5,941,LARGE,134,,,
28,5027,5031,210832,692.5869994058229,205805,88.6,4,948,LARGE,218,,,
114,26825,26830,211001,692.5869994058229,184176,106.8,5,955,LARGE,193,,,
483,96776,96783,211045,692.5869994058229,114269,150.0,7,955,LARGE,120,,,
292,60957,60961,211102,692.5869994058229,150145,129.9,4,957,LARGE,157,,,
193,41191,41192,211140,692.5869994058229,169949,113.0,1,962,LARGE,177,,,
22,4214,4216,211278,692.5869994058229,207064,86.1,2,974,LARGE,213,,,
115,26854,26855,211302,692.5869994058229,184448,104.8,1,975,LARGE,190,,,
263,55966,55967,211315,692.5869994058229,155349,125.7,1,974,LARGE,160,,,
24,4264,4266,211328,692.5869994058229,207064,85.8,2,978,LARGE,212,,,
407,83310,83313,211360,692.5869994058229,128050,138.4,3,977,LARGE,132,,,
73,17214,17218,211364,692.5869994058229,194150,92.8,4,983,LARGE,198,,,
112,26449,26450,211373,692.5869994058229,184924,102.6,1,983,LARGE,189,,,
224,48838,48840,211378,692.5869994058229,162540,116.7,2,984,LARGE,166,,,
274,57496,57499,211385,692.5869994058229,153889,125.8,3,981,LARGE,157,,,
80,18835,18840,211400,692.5869994058229,192565,93.3,5,989,LARGE,195,,,
227,49546,49550,211404,692.5869994058229,161858,119.0,4,994,LARGE,163,,,
