pids,instantiation times,start times,finish times,average wait times,turnaround times,average queue lengths,response times,required cpu times,process sizes,turnaround times,efficiency,average response time,average queue length
1,212,216,309,2.113827949680801,97,1.0,4,85,SMALL,2,0.8000200739869806,3.148,54
2,545,562,718,2.113827949680801,173,1.0,17,142,SMALL,2,,,
3,792,803,1322,2.113827949680801,530,2.2,11,148,SMALL,4,,,
7,1946,1949,1968,2.113827949680801,22,4.0,3,16,TINY,2,,,
6,1844,1847,2096,2.113827949680801,252,3.0,3,191,SMALL,2,,,
8,2218,2225,2247,2.113827949680801,29,3.0,7,19,TINY,2,,,
11,2651,2653,2696,2.113827949680801,45,5.0,2,35,TINY,2,,,
12,2815,2817,3000,2.113827949680801,185,5.0,2,147,SMALL,2,,,
13,2999,3001,3384,2.113827949680801,385,5.6,2,155,SMALL,3,,,
22,4736,4741,4863,2.113827949680801,127,13.0,5,62,SMALL,3,,,
21,4701,4706,4888,2.113827949680801,187,12.4,5,84,SMALL,3,,,
20,4553,4556,5077,2.113827949680801,524,11.0,3,163,SMALL,4,,,
15,3663,3666,5104,2.113827949680801,1441,8.2,3,169,SMALL,9,,,
16,3724,3726,5166,2.113827949680801,1442,8.7,2,181,SMALL,8,,,
17,3742,3746,5468,2.113827949680801,1726,8.5,4,261,LARGE,7,,,
10,2513,2518,5792,2.113827949680801,3279,4.7,5,319,LARGE,11,,,
24,6295,6298,6332,2.113827949680801,37,8.0,3,28,TINY,2,,,
29,6550,6553,6906,2.113827949680801,356,12.0,3,87,SMALL,5,,,
27,6477,6478,7040,2.113827949680801,563,11.5,1,119,SMALL,5,,,
31,7220,7221,7235,2.113827949680801,15,12.0,1,12,TINY,2,,,
32,7744,7746,7839,2.113827949680801,95,13.9,2,27,TINY,4,,,
34,7749,7756,8088,2.113827949680801,339,14.0,7,83,SMALL,5,,,
36,8370,8374,8507,2.113827949680801,137,14.0,4,107,SMALL,2,,,
37,8572,8573,8807,2.113827949680801,235,14.9,1,96,SMALL,3,,,
40,9018,9023,9040,2.113827949680801,22,16.0,5,14,TINY,2,,,
39,8997,8998,9068,2.113827949680801,71,15.0,1,42,TINY,2,,,
41,9068,9069,9116,2.113827949680801,48,15.0,1,38,TINY,2,,,
44,10006,10007,10056,2.113827949680801,50,17.0,1,40,TINY,2,,,
48,10374,10377,10540,2.113827949680801,166,20.9,3,47,TINY,4,,,
45,10207,10212,10695,2.113827949680801,488,17.4,5,88,SMALL,6,,,
50,10737,10741,10780,2.113827949680801,43,20.0,4,32,TINY,2,,,
51,10839,10841,10933,2.113827949680801,94,20.0,2,74,SMALL,2,,,
52,11052,11054,11122,2.113827949680801,70,20.0,2,55,SMALL,2,,,
53,11158,11163,11176,2.113827949680801,18,20.0,5,11,TINY,2,,,
54,11203,11207,11428,2.113827949680801,225,20.7,4,45,TINY,5,,,
57,11352,11357,11755,2.113827949680801,403,22.9,5,97,SMALL,5,,,
56,11269,11272,11887,2.113827949680801,618,22.4,3,133,SMALL,5,,,
58,11459,11464,11890,2.113827949680801,431,22.7,5,134,SMALL,4,,,
49,10380,10382,12045,2.113827949680801,1665,19.8,2,188,SMALL,9,,,
46,10305,10307,12068,2.113827949680801,1763,19.1,2,194,SMALL,10,,,
60,12653,12654,12676,2.113827949680801,23,20.0,1,18,TINY,2,,,
59,12603,12604,12754,2.113827949680801,151,19.0,1,102,SMALL,2,,,
63,12895,12900,12974,2.113827949680801,79,21.6,5,32,TINY,3,,,
61,12811,12815,13236,2.113827949680801,425,20.9,4,77,SMALL,6,,,
64,12912,12915,13291,2.113827949680801,379,21.8,3,92,SMALL,5,,,
67,13537,13542,13765,2.113827949680801,228,22.0,5,131,SMALL,2,,,
69,13906,13911,13999,2.113827949680801,93,23.0,5,39,TINY,3,,,
70,14100,14105,14157,2.113827949680801,57,23.0,5,42,TINY,2,,,
68,13898,13901,14217,2.113827949680801,319,22.2,3,172,SMALL,2,,,
66,13433,13437,14252,2.113827949680801,819,21.3,4,188,SMALL,5,,,
73,14359,14363,14476,2.113827949680801,117,23.0,4,59,SMALL,2,,,
71,14249,14253,14751,2.113827949680801,502,22.4,4,116,SMALL,5,,,
72,14269,14273,14796,2.113827949680801,527,22.5,4,132,SMALL,4,,,
76,15084,15087,15120,2.113827949680801,36,23.0,3,27,TINY,2,,,
75,14820,14822,15127,2.113827949680801,307,22.0,2,181,SMALL,2,,,
78,16412,16413,16449,2.113827949680801,37,23.0,1,29,TINY,2,,,
79,16492,16495,16679,2.113827949680801,187,23.0,3,148,SMALL,2,,,
82,17694,17695,17907,2.113827949680801,213,25.0,1,170,SMALL,2,,,
83,18076,18078,18255,2.113827949680801,179,25.0,2,142,SMALL,2,,,
84,18390,18391,18543,2.113827949680801,153,26.5,1,42,TINY,4,,,
86,18432,18436,18590,2.113827949680801,158,26.7,4,57,SMALL,3,,,
85,18393,18396,18648,2.113827949680801,255,25.8,3,106,SMALL,3,,,
87,18650,18654,18762,2.113827949680801,112,25.0,4,87,SMALL,2,,,
89,18785,18788,18900,2.113827949680801,115,26.0,3,50,TINY,3,,,
88,18769,18773,18953,2.113827949680801,184,25.4,4,94,SMALL,2,,,
90,19116,19119,19362,2.113827949680801,246,25.8,3,99,SMALL,3,,,
94,19768,19773,19840,2.113827949680801,72,28.0,5,54,SMALL,2,,,
93,19653,19658,19852,2.113827949680801,199,27.0,5,73,SMALL,3,,,
96,19959,19963,20010,2.113827949680801,51,28.0,4,38,TINY,2,,,
97,20242,20246,20422,2.113827949680801,180,28.0,4,141,SMALL,2,,,
92,19593,19598,20436,2.113827949680801,843,26.5,5,183,SMALL,5,,,
95,19893,19898,20459,2.113827949680801,566,26.9,5,198,SMALL,3,,,
98,20638,20640,20873,2.113827949680801,235,26.0,2,187,SMALL,2,,,
43,9268,9272,21500,2.113827949680801,12232,18.0,4,377,LARGE,33,,,
99,21501,21506,21547,2.113827949680801,46,25.0,5,33,TINY,2,,,
101,21696,21698,21756,2.113827949680801,60,26.0,2,47,TINY,2,,,
102,21815,21817,21891,2.113827949680801,76,26.0,2,60,SMALL,2,,,
105,22230,22232,22310,2.113827949680801,80,28.0,2,63,SMALL,2,,,
106,22337,22341,22385,2.113827949680801,48,28.0,4,36,TINY,2,,,
104,21996,21997,22522,2.113827949680801,526,27.0,1,165,SMALL,4,,,
107,23431,23433,23601,2.113827949680801,170,27.0,2,135,SMALL,2,,,
109,23729,23732,23909,2.113827949680801,180,28.3,3,58,SMALL,4,,,
108,23689,23692,24086,2.113827949680801,397,27.9,3,129,SMALL,4,,,
112,24227,24232,24323,2.113827949680801,96,29.8,5,37,TINY,3,,,
111,24167,24172,24360,2.113827949680801,193,28.2,5,57,SMALL,4,,,
115,24565,24566,24602,2.113827949680801,37,30.0,1,29,TINY,2,,,
114,24512,24516,24624,2.113827949680801,112,29.0,4,57,SMALL,2,,,
116,24697,24700,24741,2.113827949680801,44,29.0,3,33,TINY,2,,,
117,24973,24977,24995,2.113827949680801,22,29.0,4,15,TINY,2,,,
119,25469,25471,25529,2.113827949680801,60,30.0,2,47,TINY,2,,,
118,25287,25291,25551,2.113827949680801,264,29.0,4,161,SMALL,2,,,
120,25595,25597,25801,2.113827949680801,206,29.0,2,164,SMALL,2,,,
47,10362,10367,25803,2.113827949680801,15441,20.6,5,401,LARGE,39,,,
121,25842,25844,25858,2.113827949680801,16,28.0,2,12,TINY,2,,,
122,26027,26029,26195,2.113827949680801,168,28.0,2,133,SMALL,2,,,
123,26302,26306,26482,2.113827949680801,180,28.0,4,141,SMALL,2,,,
125,26812,26813,26876,2.113827949680801,64,29.0,1,51,SMALL,2,,,
124,26707,26708,26946,2.113827949680801,239,28.0,1,140,SMALL,2,,,
80,16853,16855,27056,2.113827949680801,10203,23.7,2,424,LARGE,25,,,
126,27821,27823,28142,2.113827949680801,321,27.0,2,256,LARGE,2,,,
103,21981,21982,28146,2.113827949680801,6165,26.4,1,447,LARGE,14,,,
9,2244,2248,28288,2.113827949680801,26044,8.1,4,451,LARGE,58,,,
14,3079,3081,28415,2.113827949680801,25336,9.2,2,457,LARGE,56,,,
127,28704,28707,28728,2.113827949680801,24,24.0,3,17,TINY,2,,,
65,12978,12980,28873,2.113827949680801,15895,22.6,2,472,LARGE,34,,,
129,29208,29209,29331,2.113827949680801,123,24.3,1,50,TINY,3,,,
132,29482,29487,29531,2.113827949680801,49,26.0,5,36,TINY,2,,,
138,30021,30022,30036,2.113827949680801,15,31.0,1,12,TINY,2,,,
134,29552,29557,30261,2.113827949680801,709,28.3,5,108,SMALL,7,,,
133,29544,29547,30349,2.113827949680801,805,28.3,3,118,SMALL,7,,,
136,29770,29772,30382,2.113827949680801,612,29.2,2,122,SMALL,6,,,
140,30494,30498,30541,2.113827949680801,47,29.0,4,35,TINY,2,,,
142,30884,30887,30958,2.113827949680801,74,30.0,3,57,SMALL,2,,,
143,31043,31044,31408,2.113827949680801,365,31.0,1,100,SMALL,4,,,
146,31508,31509,31611,2.113827949680801,103,32.5,1,42,TINY,3,,,
151,32425,32427,32688,2.113827949680801,263,36.0,2,149,SMALL,2,,,
137,29891,29892,32726,2.113827949680801,2835,29.7,1,166,SMALL,18,,,
147,31538,31539,32858,2.113827949680801,1320,33.1,1,173,SMALL,8,,,
144,31070,31074,32950,2.113827949680801,1880,31.9,4,181,SMALL,11,,,
153,33130,33131,33143,2.113827949680801,13,34.0,1,10,TINY,2,,,
135,29682,29687,33278,2.113827949680801,3596,29.5,5,192,SMALL,19,,,
131,29359,29362,33321,2.113827949680801,3962,27.9,3,194,SMALL,21,,,
145,31225,31229,33334,2.113827949680801,2109,32.2,4,194,SMALL,11,,,
154,33531,33535,33578,2.113827949680801,47,31.4,4,19,TINY,3,,,
155,33549,33550,33601,2.113827949680801,52,31.4,1,34,TINY,2,,,
156,33646,33647,33695,2.113827949680801,49,31.0,1,39,TINY,2,,,
157,33852,33856,33894,2.113827949680801,42,31.0,4,31,TINY,2,,,
158,33978,33980,33992,2.113827949680801,14,31.0,2,10,TINY,2,,,
161,34758,34763,34799,2.113827949680801,41,33.0,5,29,TINY,2,,,
160,34713,34718,34804,2.113827949680801,91,32.0,5,40,TINY,3,,,
162,34943,34945,35033,2.113827949680801,90,32.0,2,71,SMALL,2,,,
152,32952,32956,35137,2.113827949680801,2185,32.0,4,303,LARGE,8,,,
163,35471,35473,35805,2.113827949680801,334,31.2,2,134,SMALL,3,,,
164,35600,35603,35888,2.113827949680801,288,31.7,3,198,SMALL,2,,,
165,35950,35954,36132,2.113827949680801,182,31.0,4,143,SMALL,2,,,
166,36170,36173,36190,2.113827949680801,20,31.0,3,14,TINY,2,,,
167,36373,36376,36479,2.113827949680801,106,31.9,3,43,TINY,3,,,
168,36377,36381,36559,2.113827949680801,182,31.4,4,104,SMALL,2,,,
172,36985,36990,37027,2.113827949680801,42,34.0,5,18,TINY,3,,,
173,37031,37033,37119,2.113827949680801,88,34.0,2,45,TINY,2,,,
170,36766,36770,37272,2.113827949680801,506,32.2,4,122,SMALL,5,,,
171,36979,36980,37297,2.113827949680801,318,33.2,1,132,SMALL,3,,,
174,37294,37298,37440,2.113827949680801,146,32.0,4,114,SMALL,2,,,
180,37954,37961,38352,2.113827949680801,398,37.2,7,89,SMALL,5,,,
182,38396,38398,38531,2.113827949680801,135,38.0,2,99,SMALL,2,,,
179,37954,37956,38575,2.113827949680801,621,37.2,2,107,SMALL,6,,,
176,37670,37671,38583,2.113827949680801,913,34.2,1,110,SMALL,9,,,
184,38643,38644,38740,2.113827949680801,97,37.0,1,49,TINY,2,,,
187,39008,39011,39075,2.113827949680801,67,39.0,3,52,SMALL,2,,,
188,39219,39221,39253,2.113827949680801,34,39.0,2,26,TINY,2,,,
189,39425,39429,39556,2.113827949680801,131,39.0,4,102,SMALL,2,,,
177,37768,37771,39600,2.113827949680801,1832,36.1,3,151,SMALL,13,,,
190,39665,39666,39749,2.113827949680801,84,38.0,1,67,SMALL,2,,,
193,39925,39930,39956,2.113827949680801,31,40.0,5,21,TINY,2,,,
194,39958,39962,40025,2.113827949680801,67,40.0,4,43,TINY,2,,,
196,40106,40111,40460,2.113827949680801,354,41.6,5,88,SMALL,5,,,
198,40570,40571,40679,2.113827949680801,109,42.0,1,87,SMALL,2,,,
191,39831,39835,40818,2.113827949680801,987,40.4,4,139,SMALL,8,,,
192,39867,39870,40897,2.113827949680801,1030,40.5,3,159,SMALL,7,,,
175,37498,37501,40967,2.113827949680801,3469,33.3,3,176,SMALL,20,,,
178,37781,37786,41044,2.113827949680801,3263,36.5,5,181,SMALL,19,,,
199,41215,41220,41314,2.113827949680801,99,38.0,5,76,SMALL,2,,,
201,41521,41525,41558,2.113827949680801,37,39.0,4,27,TINY,2,,,
200,41341,41345,41622,2.113827949680801,281,38.0,4,195,SMALL,2,,,
202,41757,41758,41820,2.113827949680801,63,38.0,1,50,TINY,2,,,
206,43016,43021,43147,2.113827949680801,131,41.0,5,77,SMALL,2,,,
207,43253,43258,43275,2.113827949680801,22,41.0,5,14,TINY,2,,,
204,42773,42776,43283,2.113827949680801,510,39.1,3,158,SMALL,4,,,
210,43628,43629,43680,2.113827949680801,52,42.0,1,41,TINY,2,,,
209,43421,43424,43749,2.113827949680801,328,41.0,3,131,SMALL,3,,,
211,44250,44255,44437,2.113827949680801,187,41.4,5,74,SMALL,3,,,
212,44307,44310,44529,2.113827949680801,222,41.5,3,145,SMALL,2,,,
213,44544,44545,44617,2.113827949680801,73,41.0,1,58,SMALL,2,,,
214,44676,44678,44730,2.113827949680801,54,41.0,2,42,TINY,2,,,
208,43367,43369,44828,2.113827949680801,1461,40.3,2,318,LARGE,5,,,
215,45040,45044,45087,2.113827949680801,47,40.8,4,19,TINY,3,,,
216,45045,45049,45100,2.113827949680801,55,40.6,4,26,TINY,3,,,
203,42192,42196,45330,2.113827949680801,3138,38.3,4,360,LARGE,9,,,
218,45603,45606,45694,2.113827949680801,91,40.0,3,71,SMALL,2,,,
217,45506,45511,45719,2.113827949680801,213,39.0,5,96,SMALL,3,,,
222,46116,46120,47434,2.113827949680801,1318,43.3,4,128,SMALL,11,,,
223,46276,46280,47556,2.113827949680801,1280,44.1,4,137,SMALL,10,,,
226,46920,46925,47640,2.113827949680801,720,46.6,5,147,SMALL,5,,,
229,47716,47721,48069,2.113827949680801,353,46.0,5,171,SMALL,3,,,
228,47168,47170,48139,2.113827949680801,971,47.3,2,180,SMALL,6,,,
220,46021,46025,48176,2.113827949680801,2155,43.6,4,185,SMALL,12,,,
230,48182,48187,48225,2.113827949680801,43,44.0,5,31,TINY,2,,,
233,48413,48416,48472,2.113827949680801,59,46.0,3,41,TINY,2,,,
231,48277,48281,48605,2.113827949680801,328,44.4,4,110,SMALL,3,,,
232,48364,48366,48699,2.113827949680801,335,44.6,2,183,SMALL,2,,,
227,47012,47015,48727,2.113827949680801,1715,46.4,3,198,SMALL,9,,,
221,46074,46075,48957,2.113827949680801,2883,43.5,1,248,LARGE,12,,,
224,46401,46405,49127,2.113827949680801,2726,43.7,4,292,LARGE,10,,,
237,49645,49648,49682,2.113827949680801,37,44.0,3,28,TINY,2,,,
235,49409,49413,49849,2.113827949680801,440,42.3,4,157,SMALL,3,,,
239,49967,49970,50121,2.113827949680801,154,45.5,3,41,TINY,4,,,
240,49970,49975,50144,2.113827949680801,174,45.5,5,50,TINY,4,,,
238,49880,49885,50407,2.113827949680801,527,43.8,5,110,SMALL,5,,,
234,49218,49223,50609,2.113827949680801,1391,41.3,5,181,SMALL,8,,,
242,50177,50180,50623,2.113827949680801,446,44.6,3,183,SMALL,3,,,
244,50994,50999,51021,2.113827949680801,27,44.0,5,10,TINY,3,,,
245,51170,51172,51436,2.113827949680801,266,44.0,2,172,SMALL,2,,,
246,51481,51482,51541,2.113827949680801,60,44.0,1,48,TINY,2,,,
248,51797,51802,51916,2.113827949680801,119,45.0,5,92,SMALL,2,,,
247,51679,51682,51985,2.113827949680801,306,44.0,3,151,SMALL,3,,,
249,52102,52106,52192,2.113827949680801,90,44.0,4,69,SMALL,2,,,
225,46611,46615,52232,2.113827949680801,5621,43.5,4,356,LARGE,16,,,
130,29253,29254,52650,2.113827949680801,23397,29.4,1,398,LARGE,59,,,
195,40030,40031,52710,2.113827949680801,12680,39.3,1,400,LARGE,32,,,
251,53615,53616,53710,2.113827949680801,95,42.0,1,76,SMALL,2,,,
181,38154,38156,54479,2.113827949680801,16325,38.2,2,427,LARGE,39,,,
255,55272,55275,55617,2.113827949680801,345,44.4,3,138,SMALL,3,,,
257,55802,55803,55851,2.113827949680801,49,45.0,1,39,TINY,2,,,
259,55947,55952,56156,2.113827949680801,209,46.0,5,100,SMALL,3,,,
258,55903,55907,56245,2.113827949680801,342,45.4,4,171,SMALL,2,,,
261,56310,56311,56544,2.113827949680801,234,46.2,1,79,SMALL,3,,,
263,56753,56755,57023,2.113827949680801,270,47.0,2,179,SMALL,2,,,
260,56249,56251,57028,2.113827949680801,779,45.9,2,184,SMALL,5,,,
265,57613,57614,57641,2.113827949680801,28,47.0,1,22,TINY,2,,,
266,57778,57782,57801,2.113827949680801,23,47.0,4,16,TINY,2,,,
267,57878,57882,57990,2.113827949680801,112,47.0,4,87,SMALL,2,,,
269,58218,58221,58405,2.113827949680801,187,48.1,3,76,SMALL,3,,,
270,58302,58306,58502,2.113827949680801,200,48.5,4,149,SMALL,2,,,
268,58020,58021,58542,2.113827949680801,522,47.0,1,192,SMALL,3,,,
272,58647,58648,58874,2.113827949680801,227,48.3,1,73,SMALL,4,,,
274,59016,59020,59082,2.113827949680801,66,49.0,4,50,TINY,2,,,
275,59125,59128,59172,2.113827949680801,47,49.0,3,36,TINY,2,,,
273,58735,58738,59245,2.113827949680801,510,48.4,3,178,SMALL,3,,,
276,59290,59291,59509,2.113827949680801,219,48.0,1,175,SMALL,2,,,
271,58595,58598,59527,2.113827949680801,932,47.7,3,230,LARGE,5,,,
282,60723,60728,61040,2.113827949680801,317,52.1,5,86,SMALL,4,,,
284,61171,61176,61267,2.113827949680801,96,53.3,5,37,TINY,3,,,
285,61206,61211,61377,2.113827949680801,171,53.9,5,64,SMALL,3,,,
281,60705,60708,62020,2.113827949680801,1315,52.3,3,158,SMALL,9,,,
290,62187,62191,62218,2.113827949680801,31,56.0,4,22,TINY,2,,,
289,62045,62046,62417,2.113827949680801,372,55.0,1,139,SMALL,3,,,
283,60898,60903,62510,2.113827949680801,1612,53.0,5,170,SMALL,10,,,
293,62763,62766,62792,2.113827949680801,29,56.0,3,21,TINY,2,,,
288,61732,61733,62922,2.113827949680801,1190,55.0,1,192,SMALL,7,,,
287,61604,61608,62961,2.113827949680801,1357,54.4,4,195,SMALL,7,,,
294,63061,63062,63235,2.113827949680801,174,54.0,1,139,SMALL,2,,,
291,62243,62244,63280,2.113827949680801,1037,55.4,1,212,LARGE,5,,,
295,63337,63341,63405,2.113827949680801,68,53.0,4,52,SMALL,2,,,
297,63694,63696,64028,2.113827949680801,334,54.6,2,114,SMALL,3,,,
299,64032,64034,64192,2.113827949680801,160,55.0,2,119,SMALL,2,,,
304,64528,64533,64652,2.113827949680801,124,59.0,5,60,SMALL,3,,,
303,64443,64448,64922,2.113827949680801,479,58.4,5,92,SMALL,6,,,
306,65196,65198,65290,2.113827949680801,94,59.9,2,38,TINY,3,,,
307,65198,65203,65333,2.113827949680801,135,59.5,5,70,SMALL,2,,,
308,65366,65369,65405,2.113827949680801,39,59.0,3,29,TINY,2,,,
309,65499,65501,65519,2.113827949680801,20,59.0,2,15,TINY,2,,,
302,64378,64383,65557,2.113827949680801,1179,58.0,5,170,SMALL,7,,,
310,65559,65563,65604,2.113827949680801,45,58.0,4,33,TINY,2,,,
296,63596,63601,65657,2.113827949680801,2061,54.4,5,182,SMALL,12,,,
312,65746,65748,65802,2.113827949680801,56,58.0,2,44,TINY,2,,,
314,66105,66108,66141,2.113827949680801,36,59.5,3,15,TINY,3,,,
313,65935,65938,66308,2.113827949680801,373,58.1,3,141,SMALL,3,,,
305,64707,64708,66437,2.113827949680801,1730,58.4,1,191,SMALL,10,,,
319,66769,66773,66975,2.113827949680801,206,62.0,4,46,TINY,5,,,
320,66798,66803,67082,2.113827949680801,284,62.5,5,53,SMALL,6,,,
321,66830,66833,67104,2.113827949680801,274,62.8,3,57,SMALL,5,,,
317,66686,66688,67127,2.113827949680801,441,60.5,2,66,SMALL,7,,,
323,67196,67198,67229,2.113827949680801,33,61.0,2,25,TINY,2,,,
327,67463,67465,67484,2.113827949680801,21,64.0,2,16,TINY,2,,,
330,67726,67730,67761,2.113827949680801,35,66.0,4,21,TINY,2,,,
329,67702,67705,67873,2.113827949680801,171,65.0,3,89,SMALL,2,,,
331,67899,67904,67935,2.113827949680801,36,65.0,5,25,TINY,2,,,
334,68234,68236,68248,2.113827949680801,14,67.0,2,10,TINY,2,,,
335,68509,68514,68592,2.113827949680801,83,67.0,5,63,SMALL,2,,,
338,68767,68768,68880,2.113827949680801,113,69.0,1,74,SMALL,2,,,
337,68613,68618,69009,2.113827949680801,396,68.1,5,127,SMALL,4,,,
322,66989,66991,69116,2.113827949680801,2127,63.0,2,141,SMALL,16,,,
340,69373,69377,69395,2.113827949680801,22,68.0,4,15,TINY,2,,,
332,68001,68006,69558,2.113827949680801,1557,65.5,5,162,SMALL,10,,,
333,68122,68126,69852,2.113827949680801,1730,66.2,4,171,SMALL,11,,,
342,69979,69983,70186,2.113827949680801,207,67.0,4,163,SMALL,2,,,
316,66472,66473,70253,2.113827949680801,3781,58.8,1,189,SMALL,21,,,
343,70266,70269,70283,2.113827949680801,17,66.0,3,12,TINY,2,,,
344,70314,70319,70536,2.113827949680801,222,66.0,5,174,SMALL,2,,,
345,70550,70552,70766,2.113827949680801,216,66.0,2,172,SMALL,2,,,
311,65673,65678,70866,2.113827949680801,5193,57.4,5,204,LARGE,26,,,
351,71582,71587,71606,2.113827949680801,24,70.0,5,16,TINY,2,,,
350,71464,71467,71721,2.113827949680801,257,69.2,3,48,TINY,6,,,
347,71380,71382,72243,2.113827949680801,863,68.5,2,109,SMALL,8,,,
348,71414,71417,72472,2.113827949680801,1058,69.0,3,147,SMALL,8,,,
353,72002,72007,72814,2.113827949680801,812,69.6,5,169,SMALL,5,,,
354,72495,72498,72838,2.113827949680801,343,69.0,3,175,SMALL,2,,,
349,71426,71427,72877,2.113827949680801,1451,68.8,1,187,SMALL,8,,,
352,71612,71617,72911,2.113827949680801,1299,68.9,5,199,SMALL,7,,,
355,72909,72912,73138,2.113827949680801,229,66.0,3,181,SMALL,2,,,
300,64277,64278,73302,2.113827949680801,9025,58.6,1,243,LARGE,38,,,
357,73421,73423,73490,2.113827949680801,69,66.0,2,38,TINY,2,,,
358,73709,73711,73749,2.113827949680801,40,66.0,2,31,TINY,2,,,
359,73852,73855,73909,2.113827949680801,57,66.5,3,24,TINY,3,,,
361,73948,73950,74043,2.113827949680801,95,67.0,2,63,SMALL,2,,,
360,73865,73870,74073,2.113827949680801,208,66.4,5,88,SMALL,3,,,
363,74423,74424,74465,2.113827949680801,42,67.0,1,25,TINY,2,,,
362,74396,74399,74562,2.113827949680801,166,66.1,3,105,SMALL,2,,,
368,75413,75418,75635,2.113827949680801,222,70.6,5,38,TINY,6,,,
371,75647,75651,75743,2.113827949680801,96,72.0,4,46,TINY,3,,,
366,75396,75398,75926,2.113827949680801,530,70.9,2,58,SMALL,10,,,
376,76078,76082,76125,2.113827949680801,47,75.8,4,19,TINY,3,,,
377,76085,76087,76128,2.113827949680801,43,75.8,2,18,TINY,3,,,
375,76030,76032,76170,2.113827949680801,140,74.0,2,41,TINY,4,,,
379,76661,76666,76757,2.113827949680801,96,75.0,5,73,SMALL,2,,,
381,76842,76843,76912,2.113827949680801,70,76.0,1,48,TINY,2,,,
380,76791,76793,76961,2.113827949680801,170,75.1,2,87,SMALL,2,,,
382,77187,77192,77281,2.113827949680801,94,75.0,5,72,SMALL,2,,,
374,76014,76017,77343,2.113827949680801,1329,73.7,3,141,SMALL,10,,,
367,75401,75403,77401,2.113827949680801,2000,72.6,2,150,SMALL,14,,,
378,76241,76246,77423,2.113827949680801,1182,73.9,5,149,SMALL,8,,,
384,77947,77949,78022,2.113827949680801,75,73.0,2,59,SMALL,2,,,
387,78245,78248,78769,2.113827949680801,524,75.0,3,145,SMALL,4,,,
389,78810,78815,78922,2.113827949680801,112,76.0,5,86,SMALL,2,,,
390,79054,79058,79227,2.113827949680801,173,76.0,4,136,SMALL,2,,,
395,79816,79818,79859,2.113827949680801,43,80.0,2,33,TINY,2,,,
393,79364,79368,80001,2.113827949680801,637,78.1,4,129,SMALL,5,,,
394,79742,79743,80036,2.113827949680801,294,78.9,1,140,SMALL,3,,,
391,79304,79308,80080,2.113827949680801,776,77.8,4,159,SMALL,5,,,
396,80416,80421,80435,2.113827949680801,19,77.0,5,12,TINY,2,,,
364,75099,75103,80439,2.113827949680801,5340,69.6,4,223,LARGE,24,,,
398,80848,80850,80874,2.113827949680801,26,77.0,2,20,TINY,2,,,
400,81384,81385,81397,2.113827949680801,13,78.0,1,10,TINY,2,,,
414,83548,83553,83569,2.113827949680801,21,91.0,5,13,TINY,2,,,
416,83614,83615,83656,2.113827949680801,42,92.0,1,33,TINY,2,,,
420,84402,84407,84451,2.113827949680801,49,95.0,5,36,TINY,2,,,
425,85069,85072,85096,2.113827949680801,27,99.0,3,20,TINY,2,,,
423,84805,84807,85146,2.113827949680801,341,97.9,2,112,SMALL,4,,,
413,83286,83288,85333,2.113827949680801,2047,90.8,2,137,SMALL,15,,,
412,83247,83248,85391,2.113827949680801,2144,90.7,1,142,SMALL,16,,,
427,85508,85512,85531,2.113827949680801,23,97.0,4,16,TINY,2,,,
426,85461,85462,85645,2.113827949680801,184,96.0,1,131,SMALL,2,,,
428,85671,85676,85750,2.113827949680801,79,96.0,5,60,SMALL,2,,,
429,85843,85846,85917,2.113827949680801,74,96.0,3,57,SMALL,2,,,
430,85979,85983,86006,2.113827949680801,27,96.0,4,19,TINY,2,,,
405,82125,82128,86070,2.113827949680801,3945,83.5,3,159,SMALL,25,,,
424,84821,84822,86133,2.113827949680801,1312,97.4,1,158,SMALL,9,,,
401,81458,81463,86227,2.113827949680801,4769,81.6,5,167,SMALL,29,,,
431,86374,86378,86530,2.113827949680801,156,93.0,4,122,SMALL,2,,,
419,84272,84277,86685,2.113827949680801,2413,94.4,5,180,SMALL,14,,,
411,83147,83148,86742,2.113827949680801,3595,90.6,1,181,SMALL,20,,,
406,82346,82348,86792,2.113827949680801,4446,85.6,2,188,SMALL,24,,,
399,81347,81350,86972,2.113827949680801,5625,82.4,3,200,SMALL,29,,,
432,87003,87008,87070,2.113827949680801,67,89.0,5,50,TINY,2,,,
417,83892,83897,87077,2.113827949680801,3185,92.3,5,197,SMALL,17,,,
433,87408,87413,87537,2.113827949680801,129,88.0,5,100,SMALL,2,,,
435,87863,87868,88101,2.113827949680801,238,89.0,5,187,SMALL,2,,,
436,88100,88102,88244,2.113827949680801,144,89.0,2,114,SMALL,2,,,
409,82906,82908,88354,2.113827949680801,5448,89.0,2,236,LARGE,24,,,
441,88754,88755,89062,2.113827949680801,308,92.0,1,82,SMALL,4,,,
442,89100,89103,89202,2.113827949680801,102,92.0,3,80,SMALL,2,,,
443,89217,89218,89304,2.113827949680801,87,92.0,1,69,SMALL,2,,,
440,88736,88740,89739,2.113827949680801,1003,91.7,4,148,SMALL,7,,,
439,88718,88720,89969,2.113827949680801,1251,91.6,2,156,SMALL,9,,,
447,90171,90175,90198,2.113827949680801,27,93.0,4,19,TINY,2,,,
446,90088,90090,90265,2.113827949680801,177,92.0,2,121,SMALL,2,,,
445,89742,89745,90372,2.113827949680801,630,91.8,3,197,SMALL,4,,,
448,90508,90513,90639,2.113827949680801,131,91.0,5,101,SMALL,2,,,
449,90828,90830,90844,2.113827949680801,16,91.0,2,12,TINY,2,,,
415,83569,83570,90888,2.113827949680801,7319,90.8,1,259,LARGE,29,,,
450,90968,90969,91010,2.113827949680801,42,90.0,1,33,TINY,2,,,
451,91060,91061,91147,2.113827949680801,87,90.0,1,69,SMALL,2,,,
452,91261,91263,91282,2.113827949680801,21,90.0,2,16,TINY,2,,,
453,91480,91483,91545,2.113827949680801,65,90.4,3,26,TINY,3,,,
454,91501,91503,91623,2.113827949680801,122,90.3,2,86,SMALL,2,,,
457,91950,91954,92288,2.113827949680801,338,92.0,4,132,SMALL,3,,,
455,91793,91794,92332,2.113827949680801,539,91.3,1,151,SMALL,4,,,
456,91826,91829,92367,2.113827949680801,541,91.2,3,176,SMALL,4,,,
459,92393,92398,92417,2.113827949680801,24,91.0,5,12,TINY,2,,,
458,92383,92388,92422,2.113827949680801,39,90.2,5,16,TINY,3,,,
418,84195,84197,92451,2.113827949680801,8256,91.9,2,283,LARGE,30,,,
460,92952,92957,93185,2.113827949680801,233,89.0,5,183,SMALL,2,,,
461,93374,93376,93585,2.113827949680801,211,89.0,2,168,SMALL,2,,,
464,94288,94291,94435,2.113827949680801,147,91.0,3,68,SMALL,3,,,
463,94265,94266,94453,2.113827949680801,188,90.6,1,82,SMALL,3,,,
465,94866,94869,94928,2.113827949680801,62,90.0,3,48,TINY,2,,,
466,95119,95124,95168,2.113827949680801,49,90.0,5,36,TINY,2,,,
468,95523,95524,95557,2.113827949680801,34,91.2,1,15,TINY,3,,,
470,95644,95648,96090,2.113827949680801,446,93.5,4,110,SMALL,5,,,
475,96361,96366,96605,2.113827949680801,244,96.0,5,92,SMALL,3,,,
476,96619,96621,96684,2.113827949680801,65,96.4,2,27,TINY,3,,,
477,96640,96641,97022,2.113827949680801,382,96.6,1,122,SMALL,4,,,
473,96257,96261,97031,2.113827949680801,774,95.2,4,127,SMALL,7,,,
479,97129,97132,97166,2.113827949680801,37,96.0,3,28,TINY,2,,,
469,95536,95539,97254,2.113827949680801,1718,92.5,3,174,SMALL,10,,,
471,95672,95673,97318,2.113827949680801,1646,93.7,1,187,SMALL,9,,,
474,96331,96336,97328,2.113827949680801,997,95.6,5,188,SMALL,6,,,
480,97410,97414,97473,2.113827949680801,63,93.0,4,48,TINY,2,,,
472,95727,95728,97487,2.113827949680801,1760,93.6,1,223,LARGE,8,,,
481,97586,97588,98042,2.113827949680801,456,94.1,2,76,SMALL,6,,,
484,97779,97783,98220,2.113827949680801,441,95.8,4,86,SMALL,6,,,
486,98104,98108,98248,2.113827949680801,144,95.9,4,90,SMALL,2,,,
489,98413,98414,98450,2.113827949680801,37,97.0,1,29,TINY,2,,,
490,98621,98626,98659,2.113827949680801,38,97.0,5,27,TINY,2,,,
485,97784,97788,98662,2.113827949680801,878,95.5,4,110,SMALL,8,,,
491,98690,98693,98781,2.113827949680801,91,96.0,3,71,SMALL,2,,,
483,97653,97658,98911,2.113827949680801,1258,94.7,5,144,SMALL,9,,,
482,97605,97608,98956,2.113827949680801,1351,94.4,3,156,SMALL,9,,,
494,99048,99052,99348,2.113827949680801,300,96.9,4,57,SMALL,6,,,
492,98982,98987,99400,2.113827949680801,418,95.8,5,69,SMALL,7,,,
497,99536,99541,100362,2.113827949680801,826,97.1,5,161,SMALL,6,,,
488,98359,98364,100556,2.113827949680801,2197,95.8,5,187,SMALL,12,,,
496,99236,99237,100630,2.113827949680801,1394,97.3,1,195,SMALL,8,,,
495,99069,99072,101093,2.113827949680801,2024,96.8,3,266,LARGE,8,,,
444,89404,89405,102168,2.113827949680801,12764,91.0,1,328,LARGE,39,,,
404,81790,81793,103326,2.113827949680801,21536,86.4,3,346,LARGE,63,,,
292,62524,62526,103900,2.113827949680801,41376,63.2,2,359,LARGE,116,,,
462,93717,93721,104305,2.113827949680801,10588,89.7,4,364,LARGE,30,,,
365,75210,75213,104429,2.113827949680801,29219,76.5,3,367,LARGE,80,,,
383,77585,77589,105333,2.113827949680801,27748,78.6,4,383,LARGE,73,,,
499,99973,99976,105436,2.113827949680801,5463,96.6,3,382,LARGE,15,,,
410,83054,83058,106223,2.113827949680801,23169,89.8,4,397,LARGE,59,,,
402,81520,81523,106428,2.113827949680801,24908,86.4,3,404,LARGE,62,,,
403,81689,81693,109572,2.113827949680801,27883,86.6,4,451,LARGE,62,,,
437,88526,88530,109599,2.113827949680801,21073,89.6,4,449,LARGE,47,,,
185,38798,38801,109678,2.113827949680801,70880,40.8,3,455,LARGE,156,,,
128,28944,28949,109943,2.113827949680801,80999,31.0,5,460,LARGE,177,,,
252,53888,53891,110326,2.113827949680801,56438,44.9,3,462,LARGE,123,,,
318,66731,66733,110691,2.113827949680801,43960,73.5,2,468,LARGE,94,,,
346,71346,71347,111020,2.113827949680801,39674,75.7,1,471,LARGE,85,,,
372,75749,75754,111038,2.113827949680801,35289,80.2,5,470,LARGE,76,,,
241,50003,50005,112047,2.113827949680801,62044,47.3,2,483,LARGE,129,,,
250,53169,53171,113616,2.113827949680801,60447,46.5,2,499,LARGE,122,,,
498,99907,99911,114583,2.113827949680801,14676,93.1,4,505,LARGE,30,,,
279,60375,60378,115187,2.113827949680801,54812,67.3,3,515,LARGE,107,,,
30,7088,7091,116140,2.113827949680801,109052,23.5,3,526,LARGE,208,,,
169,36734,36735,116977,2.113827949680801,80243,44.1,1,533,LARGE,151,,,
42,9127,9132,117630,2.113827949680801,108503,26.7,5,542,LARGE,201,,,
110,23795,23797,118029,2.113827949680801,94234,34.1,2,547,LARGE,173,,,
100,21555,21558,118382,2.113827949680801,96827,32.6,3,550,LARGE,177,,,
205,42946,42951,118436,2.113827949680801,75490,48.0,5,551,LARGE,138,,,
341,69565,69569,119923,2.113827949680801,50358,74.8,4,565,LARGE,90,,,
336,68595,68598,120937,2.113827949680801,52342,74.8,3,579,LARGE,91,,,
25,6333,6338,121404,2.113827949680801,115071,27.2,5,585,LARGE,197,,,
33,7745,7751,121748,2.113827949680801,114003,29.2,6,591,LARGE,193,,,
298,63748,63751,121903,2.113827949680801,58155,70.6,3,592,LARGE,99,,,
286,61271,61273,122540,2.113827949680801,61269,68.9,2,597,LARGE,103,,,
388,78578,78583,123553,2.113827949680801,44975,78.9,5,610,LARGE,74,,,
62,12835,12840,124290,2.113827949680801,111455,34.0,5,621,LARGE,180,,,
408,82826,82828,126025,2.113827949680801,43199,83.2,2,644,LARGE,68,,,
5,1040,1047,126067,2.113827949680801,125027,27.1,7,643,LARGE,195,,,
139,30418,30423,126146,2.113827949680801,95728,44.1,5,647,LARGE,148,,,
35,7841,7845,126689,2.113827949680801,118848,32.3,4,654,LARGE,182,,,
253,54662,54665,127068,2.113827949680801,72406,54.5,3,659,LARGE,110,,,
373,75770,75774,127715,2.113827949680801,51945,76.3,4,665,LARGE,79,,,
77,15294,15298,127833,2.113827949680801,112539,36.1,4,670,LARGE,168,,,
113,24238,24242,128117,2.113827949680801,103879,39.5,4,675,LARGE,154,,,
55,11248,11252,128365,2.113827949680801,117117,35.6,4,678,LARGE,173,,,
4,830,836,128588,2.113827949680801,127758,30.2,6,681,LARGE,188,,,
18,3979,3981,129105,2.113827949680801,125126,28.3,2,689,LARGE,182,,,
38,8584,8588,129127,2.113827949680801,120543,33.7,4,689,LARGE,175,,,
422,84702,84707,129806,2.113827949680801,45104,82.5,5,699,LARGE,65,,,
421,84451,84452,130043,2.113827949680801,45592,82.0,1,701,LARGE,66,,,
256,55378,55380,130646,2.113827949680801,75268,55.2,2,714,LARGE,106,,,
315,66117,66118,131599,2.113827949680801,65482,68.3,1,730,LARGE,90,,,
262,56401,56406,131797,2.113827949680801,75396,55.5,5,734,LARGE,103,,,
19,4395,4396,131924,2.113827949680801,127529,29.6,1,737,LARGE,174,,,
91,19138,19139,132383,2.113827949680801,113245,38.6,1,747,LARGE,152,,,
28,6489,6493,133211,2.113827949680801,126722,33.5,4,762,LARGE,167,,,
264,57278,57279,133284,2.113827949680801,76006,55.0,1,762,LARGE,100,,,
438,88643,88645,133977,2.113827949680801,45334,77.6,2,774,LARGE,59,,,
0,68,69,134000,2.113827949680801,133932,44.7,1,778,LARGE,173,,,
280,60603,60608,134284,2.113827949680801,73681,63.9,5,783,LARGE,95,,,
278,60036,60038,135209,2.113827949680801,75173,62.3,2,804,LARGE,94,,,
386,78146,78148,135261,2.113827949680801,57115,71.1,2,801,LARGE,72,,,
493,99026,99027,135301,2.113827949680801,36275,78.6,1,804,LARGE,46,,,
150,32307,32312,135339,2.113827949680801,103032,45.6,5,806,LARGE,128,,,
141,30770,30772,135987,2.113827949680801,105217,44.1,2,822,LARGE,129,,,
183,38609,38614,136005,2.113827949680801,97396,47.8,5,822,LARGE,119,,,
81,17188,17190,136609,2.113827949680801,119421,37.7,2,839,LARGE,143,,,
186,38825,38826,136929,2.113827949680801,98104,47.5,1,848,LARGE,116,,,
243,50990,50994,136947,2.113827949680801,85957,49.8,4,846,LARGE,102,,,
487,98317,98319,137039,2.113827949680801,38722,75.8,2,845,LARGE,46,,,
478,96740,96745,137171,2.113827949680801,40431,75.3,5,849,LARGE,48,,,
277,59895,59898,137225,2.113827949680801,77330,60.1,3,855,LARGE,91,,,
236,49555,49558,137343,2.113827949680801,87788,49.2,3,858,LARGE,103,,,
254,54947,54950,137825,2.113827949680801,82878,50.8,3,873,LARGE,95,,,
392,79312,79313,137880,2.113827949680801,58568,68.1,1,876,LARGE,67,,,
369,75501,75503,138310,2.113827949680801,62809,66.3,2,892,LARGE,71,,,
324,67253,67255,138493,2.113827949680801,71240,62.7,2,898,LARGE,80,,,
339,69253,69257,138512,2.113827949680801,69259,63.2,4,899,LARGE,78,,,
74,14481,14482,138562,2.113827949680801,124081,36.0,1,904,LARGE,138,,,
159,34308,34313,138575,2.113827949680801,104267,42.7,5,902,LARGE,116,,,
370,75510,75513,138615,2.113827949680801,63105,65.6,3,904,LARGE,70,,,
434,87622,87623,138633,2.113827949680801,51011,69.8,1,902,LARGE,57,,,
197,40153,40156,138812,2.113827949680801,98659,46.1,3,915,LARGE,108,,,
148,31669,31672,139084,2.113827949680801,107415,42.2,3,929,LARGE,116,,,
301,64345,64348,139227,2.113827949680801,74882,59.2,3,938,LARGE,80,,,
325,67263,67265,139230,2.113827949680801,71967,60.6,2,938,LARGE,77,,,
385,78037,78038,139303,2.113827949680801,61266,63.6,1,942,LARGE,66,,,
326,67289,67290,139340,2.113827949680801,72051,60.2,1,945,LARGE,77,,,
397,80585,80590,139352,2.113827949680801,58767,63.8,5,945,LARGE,63,,,
23,6129,6133,139366,2.113827949680801,133237,31.1,4,951,LARGE,141,,,
149,31826,31827,139373,2.113827949680801,107547,41.6,1,949,LARGE,114,,,
328,67603,67605,139383,2.113827949680801,71780,60.0,2,952,LARGE,76,,,
407,82457,82458,139393,2.113827949680801,56936,66.5,1,952,LARGE,60,,,
356,73390,73393,139434,2.113827949680801,66044,59.6,3,958,LARGE,69,,,
219,45830,45835,139448,2.113827949680801,93618,44.8,5,962,LARGE,98,,,
26,6464,6468,139463,2.113827949680801,132999,31.2,4,972,LARGE,137,,,
467,95251,95254,139484,2.113827949680801,44233,66.4,3,988,LARGE,45,,,
