pids,instantiation times,start times,finish times,total wait times,turnaround times,average queue lengths,response times,required cpu times,process sizes,turnaround times,throughput,average response time,average queue length
0,120,121,187,0,67,1.0,1,66,SMALL,2,0.2491114447611292,6.786,205
1,155,188,210,0,55,1.0,33,22,TINY,3,,,
2,353,354,1151,714,798,1.0,1,783,LARGE,2,,,
4,1591,1671,1687,0,96,4.0,80,16,TINY,6,,,
8,1965,1971,1998,22,33,5.0,6,21,TINY,2,,,
9,2243,2245,2335,88,92,5.0,2,66,SMALL,2,,,
7,1714,1716,2433,711,719,4.0,2,136,SMALL,6,,,
5,1625,1688,2451,758,826,3.9,63,143,SMALL,6,,,
12,2621,2626,2684,57,63,5.0,5,33,TINY,2,,,
15,2984,2993,3098,101,114,7.8,9,31,TINY,4,,,
18,3209,3212,3280,63,71,9.2,3,20,TINY,4,,,
17,3149,3158,3329,167,180,8.2,9,39,TINY,5,,,
20,3332,3339,3521,181,189,9.0,7,66,SMALL,3,,,
14,2817,2823,3525,699,708,6.2,6,73,SMALL,10,,,
21,3543,3544,3638,90,95,8.0,1,54,SMALL,2,,,
11,2541,2557,3657,1093,1116,5.0,16,80,SMALL,14,,,
10,2531,2541,3659,1117,1128,4.6,10,76,SMALL,15,,,
13,2716,2722,3777,1053,1061,5.2,6,103,SMALL,11,,,
27,4358,4362,4435,72,77,10.0,4,33,TINY,3,,,
28,4790,4794,5014,216,224,10.0,4,100,SMALL,3,,,
31,5420,5425,5454,27,34,12.0,5,14,TINY,3,,,
35,6611,6613,6663,48,52,15.0,2,20,TINY,3,,,
36,6668,6672,6866,192,198,15.0,4,74,SMALL,3,,,
38,7055,7059,7438,376,383,16.9,4,48,TINY,8,,,
33,5997,6002,7920,1917,1923,13.6,5,106,SMALL,19,,,
32,5904,5912,8075,2161,2171,13.6,8,117,SMALL,19,,,
41,8116,8124,8319,192,203,16.0,8,75,SMALL,3,,,
39,7076,7083,8387,1301,1311,16.7,7,129,SMALL,11,,,
42,8610,8613,8688,72,78,15.0,3,30,TINY,3,,,
43,8741,8745,9202,456,461,15.8,4,58,SMALL,8,,,
48,9636,9642,9689,45,53,19.0,6,17,TINY,4,,,
65,11749,11750,12922,1171,1173,36.5,1,25,TINY,47,,,
55,10530,10534,13071,2536,2541,29.9,4,27,TINY,95,,,
73,13224,13225,13406,180,182,41.5,1,21,TINY,9,,,
94,16647,16648,17080,430,433,61.0,1,30,TINY,15,,,
79,14556,14563,17342,2778,2786,49.5,7,33,TINY,85,,,
101,18360,18366,18623,256,263,66.0,6,21,TINY,13,,,
81,14902,14905,22348,7442,7446,54.5,3,38,TINY,196,,,
119,23094,23103,23194,90,100,82.0,9,11,TINY,10,,,
125,24363,24370,24431,60,68,87.0,7,13,TINY,6,,,
57,10742,10750,24894,14142,14152,41.1,8,42,TINY,337,,,
127,25198,25205,25467,260,269,87.0,7,38,TINY,8,,,
139,27903,27908,27969,60,66,98.0,5,13,TINY,6,,,
133,27319,27325,28022,695,703,92.9,6,20,TINY,36,,,
141,28250,28253,28514,260,264,98.0,3,27,TINY,10,,,
140,28075,28083,28566,482,491,97.2,8,29,TINY,17,,,
109,20100,20103,30068,9963,9968,75.7,3,44,TINY,227,,,
148,30933,30942,31003,60,70,102.0,9,13,TINY,6,,,
149,31347,31354,31405,50,58,102.0,7,11,TINY,6,,,
158,32872,32876,32927,50,55,110.0,4,11,TINY,5,,,
153,31780,31787,33080,1291,1300,107.2,7,38,TINY,35,,,
151,31603,31604,33912,2307,2309,106.3,1,43,TINY,54,,,
163,34406,34408,35223,814,817,113.3,2,23,TINY,36,,,
182,37937,37939,38287,347,350,131.7,2,14,TINY,25,,,
181,37872,37879,38474,593,602,130.2,7,25,TINY,25,,,
174,36475,36482,38580,2097,2105,123.7,7,28,TINY,76,,,
187,38733,38739,39470,730,737,134.3,6,15,TINY,50,,,
201,40778,40780,40826,44,48,145.0,2,10,TINY,5,,,
193,39080,39084,40918,1833,1838,140.3,4,23,TINY,80,,,
185,38613,38618,41641,3022,3028,134.6,5,28,TINY,109,,,
224,43820,43825,43947,120,127,165.0,5,12,TINY,11,,,
218,43452,43457,44147,689,695,162.6,5,17,TINY,41,,,
228,44857,44863,47184,2320,2327,168.2,6,27,TINY,87,,,
241,48363,48367,48693,325,330,179.2,4,19,TINY,18,,,
258,50901,50902,51260,357,359,195.7,1,21,TINY,18,,,
246,49034,49035,52013,2977,2979,185.8,1,27,TINY,111,,,
255,50360,50367,52188,1820,1828,192.5,7,27,TINY,68,,,
259,50954,50957,52288,1329,1334,195.9,3,29,TINY,46,,,
265,52559,52574,52905,330,346,198.5,15,21,TINY,17,,,
237,46682,46692,53490,6797,6808,176.7,10,30,TINY,227,,,
250,49585,49591,54402,4809,4817,189.6,6,31,TINY,156,,,
236,46426,46429,56237,9806,9811,177.2,3,32,TINY,307,,,
314,62385,62401,62951,548,566,243.7,16,24,TINY,24,,,
317,63091,63092,63138,44,47,245.0,1,10,TINY,5,,,
316,62677,62686,63535,848,858,244.7,9,29,TINY,30,,,
307,60518,60524,63537,3012,3019,237.0,6,29,TINY,105,,,
318,63557,63560,63639,77,82,243.0,3,16,TINY,6,,,
322,64828,64839,64907,66,79,246.0,11,14,TINY,6,,,
327,65543,65552,65948,394,405,250.2,9,24,TINY,17,,,
325,65233,65235,66137,901,904,248.8,2,25,TINY,37,,,
227,44731,44742,66305,21561,21574,174.8,11,33,TINY,654,,,
332,67141,67142,67577,434,436,252.9,1,21,TINY,21,,,
335,67610,67611,67700,88,90,254.0,1,17,TINY,6,,,
336,68098,68108,70018,1908,1920,255.1,10,32,TINY,60,,,
346,70180,70187,70989,801,809,266.8,7,16,TINY,51,,,
357,71737,71738,72060,321,323,273.1,1,21,TINY,16,,,
354,71170,71182,74553,3369,3383,272.6,12,31,TINY,110,,,
356,71447,71458,74807,3348,3360,273.1,11,32,TINY,105,,,
392,78801,78812,78886,72,85,305.0,11,14,TINY,7,,,
414,81810,81818,82047,228,237,326.0,8,17,TINY,14,,,
401,80102,80112,82314,2200,2212,315.9,10,20,TINY,111,,,
406,80581,80587,83466,2877,2885,320.0,6,22,TINY,132,,,
420,82929,82938,84303,1363,1374,331.6,9,25,TINY,55,,,
426,84754,84760,85212,450,458,336.1,6,18,TINY,26,,,
429,84870,84876,85407,529,537,336.6,6,26,TINY,21,,,
438,86533,86545,86902,356,369,344.1,12,16,TINY,24,,,
437,86459,86461,87225,763,766,343.6,2,17,TINY,46,,,
424,83669,83672,88671,4997,5002,334.2,3,28,TINY,179,,,
449,88876,88888,89301,411,425,352.2,12,27,TINY,16,,,
454,90618,90622,90834,211,216,356.0,4,17,TINY,13,,,
455,91260,91265,91657,390,397,356.2,5,26,TINY,16,,,
459,92188,92198,92545,346,357,359.8,10,14,TINY,26,,,
464,93243,93254,93328,72,85,363.0,11,14,TINY,7,,,
476,95107,95117,95275,156,168,374.0,10,16,TINY,11,,,
486,96932,96942,97475,532,543,383.5,10,20,TINY,28,,,
483,96494,96504,97499,994,1005,380.1,10,21,TINY,48,,,
499,99815,99819,99905,84,90,394.0,4,16,TINY,6,,,
478,95487,95492,100340,4846,4853,378.9,5,31,TINY,157,,,
443,87370,87380,100522,13141,13152,351.0,10,31,TINY,425,,,
422,83112,83118,101040,17921,17928,335.9,6,32,TINY,561,,,
416,82189,82192,101990,19797,19801,335.4,3,33,TINY,601,,,
417,82463,82471,101993,19520,19530,337.5,8,34,TINY,575,,,
432,85940,85948,102103,16154,16163,349.4,8,33,TINY,490,,,
243,48497,48506,103714,55206,55217,199.7,9,36,TINY,1534,,,
385,77905,77914,104965,27049,27060,317.4,9,36,TINY,752,,,
442,86986,86998,105303,18304,18317,354.9,12,35,TINY,524,,,
252,49979,49983,106937,56953,56958,214.4,4,37,TINY,1540,,,
382,77332,77339,108128,30787,30796,315.7,7,38,TINY,811,,,
411,81372,81383,108347,26962,26975,338.2,11,38,TINY,710,,,
471,94286,94287,108686,14397,14400,374.8,1,38,TINY,379,,,
352,70702,70706,109468,38761,38766,288.4,4,38,TINY,1021,,,
278,55369,55378,110347,54967,54978,231.6,9,40,TINY,1375,,,
274,54788,54797,112449,57651,57661,236.2,9,40,TINY,1442,,,
395,79652,79654,114515,34860,34863,335.9,2,41,TINY,851,,,
496,98965,98966,115153,16186,16188,388.9,1,41,TINY,395,,,
271,54479,54489,116596,62105,62117,245.7,10,44,TINY,1412,,,
217,43406,43413,118626,75212,75220,225.7,7,44,TINY,1710,,,
150,31485,31494,119240,87745,87755,117.1,9,45,TINY,1951,,,
206,41791,41796,119854,78057,78063,216.0,5,45,TINY,1735,,,
289,57537,57543,120060,62516,62523,263.6,6,45,TINY,1390,,,
292,58110,58118,120063,61943,61953,265.9,8,46,TINY,1347,,,
80,14662,14671,123125,108453,108463,71.0,9,47,TINY,2308,,,
157,32144,32148,123476,91326,91332,130.9,4,48,TINY,1903,,,
162,34134,34138,123539,89399,89405,132.5,4,48,TINY,1863,,,
253,50066,50071,123914,73841,73848,246.6,5,48,TINY,1539,,,
370,75265,75276,124913,49635,49648,317.3,11,48,TINY,1035,,,
412,81431,81443,125227,43783,43796,341.1,12,47,TINY,932,,,
474,94948,94958,126993,32034,32045,375.8,10,48,TINY,668,,,
66,11757,11759,127200,115439,115443,74.4,2,50,TINY,2309,,,
229,44992,44995,127971,82974,82979,230.8,3,50,TINY,1660,,,
291,57801,57807,128382,70573,70581,259.2,6,50,TINY,1412,,,
294,58559,58567,128384,69816,69825,274.4,8,49,TINY,1425,,,
321,64506,64509,128542,64032,64036,287.7,3,49,TINY,1307,,,
337,68251,68262,132757,64493,64506,302.3,11,52,SMALL,1241,,,
200,40272,40276,135976,95698,95704,209.1,4,54,SMALL,1773,,,
296,59124,59130,136506,77375,77382,281.5,6,53,SMALL,1461,,,
297,59459,59470,136533,77061,77074,280.9,11,54,SMALL,1428,,,
324,65206,65213,136704,71489,71498,287.8,7,54,SMALL,1325,,,
108,20044,20049,138123,118072,118079,120.9,5,55,SMALL,2147,,,
129,25574,25578,138149,112570,112575,129.1,4,54,SMALL,2085,,,
144,28938,28947,138235,109287,109297,142.5,9,54,SMALL,2025,,,
371,75296,75300,138897,63596,63601,318.5,4,54,SMALL,1178,,,
288,57391,57401,140436,83033,83045,280.0,10,56,SMALL,1483,,,
122,23842,23845,142095,118248,118253,138.5,3,57,SMALL,2075,,,
331,67046,67054,144641,77586,77595,300.3,8,57,SMALL,1362,,,
423,83550,83551,145304,61751,61754,348.0,1,58,SMALL,1065,,,
458,92170,92174,145535,53359,53365,364.6,4,58,SMALL,921,,,
93,16574,16575,145898,129321,129324,124.7,1,59,SMALL,2192,,,
315,62556,62566,146656,84089,84100,288.3,10,58,SMALL,1450,,,
176,36748,36752,147762,111009,111014,209.5,4,59,SMALL,1882,,,
262,52028,52034,147980,95945,95952,271.8,6,59,SMALL,1627,,,
270,54158,54169,148066,93896,93908,274.9,11,59,SMALL,1592,,,
210,42122,42144,150240,108095,108118,254.5,22,60,SMALL,1802,,,
147,30670,30673,151347,120672,120677,174.5,3,62,SMALL,1947,,,
251,49826,49833,151781,101947,101955,251.0,7,61,SMALL,1672,,,
58,10746,10758,154711,143952,143965,131.4,12,63,SMALL,2286,,,
78,14553,14554,154833,140278,140280,139.9,1,63,SMALL,2227,,,
68,12066,12074,157248,145172,145182,140.1,8,65,SMALL,2234,,,
177,36888,36896,157623,120725,120735,241.9,8,65,SMALL,1858,,,
323,65000,65007,159762,94753,94762,301.4,7,66,SMALL,1436,,,
402,80224,80231,160424,80192,80200,343.0,7,65,SMALL,1234,,,
470,94158,94166,160775,66607,66617,366.0,8,66,SMALL,1010,,,
114,21683,21689,162446,140755,140763,166.8,6,68,SMALL,2071,,,
450,89105,89108,164344,75235,75239,356.3,3,67,SMALL,1123,,,
235,46226,46242,166638,120395,120412,270.7,16,69,SMALL,1746,,,
351,70480,70481,167385,96902,96905,310.0,1,70,SMALL,1385,,,
179,37061,37075,168744,131667,131683,226.1,14,71,SMALL,1855,,,
238,47521,47531,169094,121562,121573,246.2,10,70,SMALL,1737,,,
306,60342,60350,169121,108769,108779,294.7,8,71,SMALL,1533,,,
311,61755,61766,169135,107368,107380,285.8,11,70,SMALL,1534,,,
338,68319,68328,169173,100844,100854,307.8,9,70,SMALL,1441,,,
184,37972,37983,170123,132139,132151,235.0,11,71,SMALL,1862,,,
441,86906,86926,171566,84638,84660,352.4,20,72,SMALL,1176,,,
116,22657,22659,173393,150732,150736,179.7,2,74,SMALL,2037,,,
363,73129,73132,174668,101534,101539,321.1,3,74,SMALL,1373,,,
415,82075,82084,175055,92969,92980,343.1,9,74,SMALL,1257,,,
135,27454,27462,175729,148266,148275,188.1,8,74,SMALL,2004,,,
123,23880,23881,176992,153109,153112,186.5,1,76,SMALL,2015,,,
233,46003,46011,177415,131402,131412,249.6,8,76,SMALL,1730,,,
249,49366,49373,179733,130359,130367,280.8,7,76,SMALL,1716,,,
156,32063,32076,180623,148546,148560,202.0,13,77,SMALL,1930,,,
159,33108,33111,180625,147513,147517,209.9,3,77,SMALL,1916,,,
339,68343,68348,184971,116622,116628,311.6,5,79,SMALL,1477,,,
376,76300,76306,185261,108954,108961,327.6,6,79,SMALL,1380,,,
64,11600,11606,187195,175588,175595,173.6,6,81,SMALL,2168,,,
146,30603,30610,187509,156898,156906,199.8,7,81,SMALL,1938,,,
161,33171,33181,190991,157809,157820,217.0,10,83,SMALL,1902,,,
375,76199,76207,195541,119333,119342,321.9,8,85,SMALL,1405,,,
453,90452,90454,195939,105484,105487,347.5,2,85,SMALL,1242,,,
390,78319,78336,199037,120700,120718,330.1,17,87,SMALL,1388,,,
366,73501,73508,202231,128722,128730,318.6,7,89,SMALL,1447,,,
239,47825,47831,204825,156993,157000,280.4,6,91,SMALL,1726,,,
89,16034,16035,206448,190411,190414,166.8,1,93,SMALL,2048,,,
413,81659,81667,209235,127566,127576,334.3,8,94,SMALL,1358,,,
208,42113,42122,210221,168098,168108,274.4,9,94,SMALL,1789,,,
164,34444,34453,211256,176801,176812,234.7,9,96,SMALL,1842,,,
330,66956,66966,212039,145071,145083,305.2,10,96,SMALL,1512,,,
467,93686,93688,212773,119084,119087,346.1,2,95,SMALL,1254,,,
180,37102,37105,213376,176269,176274,237.6,3,97,SMALL,1818,,,
213,42983,42993,214758,171764,171775,274.1,10,97,SMALL,1771,,,
60,10981,10982,217400,206417,206419,195.2,1,99,SMALL,2086,,,
281,56542,56546,218267,161719,161725,292.3,4,100,SMALL,1618,,,
418,82465,82483,220345,137861,137880,332.7,18,100,SMALL,1379,,,
167,34794,34802,221056,186252,186262,220.9,8,102,SMALL,1827,,,
275,54908,54918,221419,166499,166511,290.6,10,102,SMALL,1633,,,
353,71105,71110,221890,150778,150785,312.7,5,102,SMALL,1479,,,
384,77794,77795,222121,144324,144327,323.6,1,102,SMALL,1415,,,
284,56959,56965,224679,167713,167720,292.7,6,103,SMALL,1629,,,
473,94575,94586,225701,131114,131126,343.0,11,103,SMALL,1274,,,
494,98585,98595,225823,127227,127238,347.6,10,103,SMALL,1236,,,
59,10859,10862,226966,216102,216107,200.0,3,106,SMALL,2039,,,
170,35428,35433,227400,191966,191972,245.4,5,105,SMALL,1829,,,
69,12228,12236,228999,216761,216771,200.5,8,107,SMALL,2026,,,
381,76890,76895,231521,154625,154631,319.4,5,107,SMALL,1446,,,
383,77654,77663,232855,155191,155201,318.4,9,108,SMALL,1438,,,
405,80366,80372,232917,152544,152551,326.8,6,108,SMALL,1413,,,
120,23799,23805,233412,209605,209613,219.7,6,110,SMALL,1906,,,
183,37943,37950,236642,198691,198699,260.1,7,111,SMALL,1791,,,
290,57788,57796,237088,179291,179300,285.1,8,111,SMALL,1616,,,
389,78312,78324,237642,159317,159330,320.6,12,111,SMALL,1436,,,
498,99441,99448,238173,138723,138732,343.2,7,112,SMALL,1239,,,
223,43773,43775,240252,196475,196479,271.7,2,114,SMALL,1724,,,
340,68457,68468,240326,171857,171869,304.9,11,113,SMALL,1521,,,
189,38892,38899,244528,205628,205636,270.9,7,116,SMALL,1773,,,
396,79729,79738,246691,166951,166962,320.3,9,118,SMALL,1415,,,
83,14986,14988,247200,232211,232214,211.5,2,118,SMALL,1968,,,
106,19333,19339,247467,228126,228134,219.5,6,119,SMALL,1918,,,
126,25087,25095,248477,223381,223390,224.1,8,119,SMALL,1878,,,
240,48231,48235,248767,200531,200536,280.6,4,119,SMALL,1686,,,
63,11265,11270,251195,239923,239930,209.6,5,122,SMALL,1967,,,
343,69136,69142,252218,183074,183082,302.8,6,122,SMALL,1501,,,
245,48774,48782,253624,204841,204850,281.6,8,122,SMALL,1680,,,
456,91443,91452,255702,164249,164259,326.8,9,123,SMALL,1336,,,
192,39060,39063,256266,217201,217206,270.5,3,125,SMALL,1738,,,
482,96452,96456,256764,160306,160312,336.4,4,125,SMALL,1283,,,
231,45173,45175,257338,212162,212165,277.3,2,125,SMALL,1698,,,
261,51738,51746,257385,205637,205647,283.4,8,126,SMALL,1633,,,
326,65482,65486,257773,192285,192291,296.8,4,126,SMALL,1527,,,
358,71873,71882,257886,186002,186013,304.7,9,126,SMALL,1477,,,
444,87604,87608,259329,171720,171725,324.7,4,126,SMALL,1363,,,
479,95505,95516,259364,163847,163859,333.0,11,126,SMALL,1301,,,
128,25567,25568,259740,234171,234173,216.8,1,127,SMALL,1844,,,
328,65708,65715,260359,194642,194651,296.2,7,128,SMALL,1521,,,
349,70307,70313,260439,190124,190132,302.2,6,128,SMALL,1486,,,
82,14955,14961,262147,247184,247192,211.9,6,130,SMALL,1902,,,
90,16242,16243,262150,245905,245908,218.0,1,130,SMALL,1892,,,
257,50706,50715,262515,211799,211809,280.4,9,129,SMALL,1642,,,
195,39643,39647,264024,224376,224381,261.1,4,130,SMALL,1727,,,
428,84818,84820,264357,179535,179539,319.1,2,131,SMALL,1371,,,
142,28576,28577,266340,237761,237764,226.9,1,133,SMALL,1788,,,
107,19788,19789,266419,246629,246631,223.0,1,132,SMALL,1869,,,
220,43461,43478,266609,223129,223148,274.6,17,133,SMALL,1678,,,
172,36145,36153,267393,231238,231248,246.4,8,134,SMALL,1726,,,
374,75900,75907,268077,192169,192177,305.8,7,133,SMALL,1445,,,
264,52553,52563,269971,217407,217418,280.5,10,135,SMALL,1611,,,
434,86028,86032,270721,184688,184693,318.7,4,135,SMALL,1369,,,
102,18954,18957,271252,252293,252298,222.3,3,137,SMALL,1842,,,
452,90435,90442,271739,181295,181304,318.7,7,137,SMALL,1324,,,
202,41301,41310,272259,230947,230958,268.7,9,138,SMALL,1674,,,
350,70350,70361,272767,202405,202417,297.6,11,137,SMALL,1478,,,
379,76696,76701,272934,196232,196238,304.1,5,137,SMALL,1433,,,
407,81045,81055,273025,191968,191980,311.0,10,138,SMALL,1392,,,
433,85948,85960,273105,187143,187157,316.1,12,138,SMALL,1357,,,
96,17950,17953,273602,255648,255652,219.0,3,138,SMALL,1853,,,
436,86335,86341,274077,187735,187742,315.3,6,138,SMALL,1361,,,
45,8938,8945,274146,265200,265208,67.1,7,139,SMALL,1908,,,
166,34734,34742,274534,239790,239800,240.0,8,140,SMALL,1713,,,
272,54670,54676,274757,220079,220087,280.8,6,140,SMALL,1573,,,
25,4070,4073,276528,272452,272458,16.2,3,143,SMALL,1906,,,
47,9577,9579,278942,269362,269365,74.0,2,143,SMALL,1884,,,
276,54935,54940,279528,224586,224593,279.7,5,144,SMALL,1560,,,
490,97945,97956,280378,182420,182433,319.9,11,144,SMALL,1267,,,
77,14275,14280,280556,266275,266281,185.6,5,144,SMALL,1850,,,
137,27705,27711,280635,252923,252930,225.1,6,144,SMALL,1757,,,
130,25768,25777,281583,255805,255815,227.4,9,145,SMALL,1765,,,
440,86905,86914,282521,195605,195616,310.8,9,146,SMALL,1340,,,
190,38919,38921,283084,244162,244165,264.5,2,146,SMALL,1673,,,
404,80332,80339,283438,203098,203106,306.1,7,146,SMALL,1392,,,
273,54767,54775,284211,229434,229444,275.8,8,148,SMALL,1551,,,
359,72198,72202,284533,212329,212335,293.5,4,148,SMALL,1435,,,
310,61668,61678,285614,223934,223946,282.7,10,149,SMALL,1503,,,
266,52663,52673,286430,233756,233767,274.8,10,149,SMALL,1569,,,
287,57362,57371,286543,229170,229181,277.6,9,150,SMALL,1528,,,
430,85653,85660,287063,201401,201410,306.2,7,150,SMALL,1343,,,
188,38772,38780,287627,248845,248855,262.8,8,151,SMALL,1649,,,
308,61315,61324,287860,226535,226545,283.0,9,150,SMALL,1511,,,
155,32062,32066,288468,256400,256406,232.3,4,152,SMALL,1687,,,
230,45053,45055,290770,245713,245717,267.6,2,154,SMALL,1596,,,
386,78101,78106,291367,213259,213266,297.3,5,154,SMALL,1385,,,
421,82933,82950,292348,209397,209415,303.1,17,154,SMALL,1360,,,
75,13892,13893,292648,278753,278756,215.2,1,156,SMALL,1787,,,
286,57339,57349,293135,235784,235796,276.2,10,156,SMALL,1512,,,
480,95585,95594,293820,198224,198235,309.8,9,156,SMALL,1271,,,
263,52287,52289,295175,242885,242888,270.5,2,157,SMALL,1548,,,
165,34566,34572,296344,261769,261778,239.5,6,160,SMALL,1637,,,
178,37060,37065,296348,259280,259288,243.5,5,160,SMALL,1621,,,
409,81226,81228,296675,215445,215449,298.6,2,159,SMALL,1356,,,
19,3233,3239,296809,293569,293576,64.0,6,159,SMALL,1847,,,
76,13899,13902,296991,283088,283092,214.7,3,159,SMALL,1781,,,
112,21304,21312,297102,275788,275798,196.4,8,160,SMALL,1724,,,
277,54957,54962,297428,242465,242471,272.1,5,159,SMALL,1525,,,
348,70248,70255,297731,227474,227483,285.4,7,160,SMALL,1422,,,
368,74177,74179,297805,223625,223628,287.9,2,159,SMALL,1407,,,
419,82467,82494,297989,215492,215522,297.9,27,161,SMALL,1339,,,
197,39845,39849,298617,258765,258772,258.3,4,163,SMALL,1588,,,
393,79157,79162,302305,223140,223148,291.2,5,167,SMALL,1337,,,
461,92611,92616,302500,209882,209889,307.3,5,166,SMALL,1265,,,
226,44603,44610,303115,258503,258512,262.2,7,168,SMALL,1539,,,
168,35078,35084,303790,268704,268712,237.1,6,169,SMALL,1591,,,
269,53662,53665,303986,250318,250324,257.1,3,170,SMALL,1473,,,
40,7286,7291,304842,297548,297556,60.0,5,172,SMALL,1730,,,
67,11966,11975,304856,292880,292890,212.5,9,170,SMALL,1723,,,
205,41780,41785,305184,263396,263404,257.6,5,172,SMALL,1532,,,
460,92231,92234,305427,213191,213196,304.0,3,171,SMALL,1247,,,
225,44378,44379,306294,261913,261916,259.9,1,172,SMALL,1523,,,
88,15542,15545,307785,292238,292243,215.0,3,175,SMALL,1670,,,
121,23816,23825,307885,284057,284069,221.5,9,176,SMALL,1615,,,
169,35267,35273,307960,272685,272693,238.6,6,175,SMALL,1559,,,
173,36326,36334,307963,271627,271637,250.5,8,175,SMALL,1553,,,
85,15179,15185,309021,293835,293842,199.5,6,176,SMALL,1670,,,
254,50249,50257,309385,259125,259136,262.6,8,178,SMALL,1456,,,
242,48464,48466,310083,261616,261619,258.3,2,177,SMALL,1479,,,
313,62383,62390,310290,247898,247907,271.9,7,178,SMALL,1393,,,
394,79288,79294,310582,231285,231294,285.8,6,179,SMALL,1293,,,
439,86786,86794,310657,223861,223871,292.3,8,178,SMALL,1258,,,
495,98871,98882,310913,212028,212042,299.7,11,180,SMALL,1179,,,
92,16538,16539,310988,294447,294450,215.4,1,180,SMALL,1636,,,
51,10316,10317,311627,301308,301311,208.9,1,181,SMALL,1665,,,
110,20386,20392,311786,291392,291400,217.9,6,181,SMALL,1610,,,
115,21909,21919,311802,289880,289893,218.9,10,182,SMALL,1593,,,
154,31789,31797,311864,280066,280075,228.7,8,180,SMALL,1556,,,
175,36552,36562,311903,275339,275351,248.8,10,181,SMALL,1522,,,
199,40014,40023,311906,271881,271892,252.1,9,181,SMALL,1503,,,
282,56733,56744,312054,255307,255321,265.2,11,182,SMALL,1403,,,
446,88183,88189,312549,224358,224366,291.3,6,181,SMALL,1240,,,
477,95449,95456,312685,217226,217236,295.9,7,182,SMALL,1194,,,
345,69690,69692,314116,244422,244426,273.8,2,184,SMALL,1329,,,
365,73419,73431,314168,240734,240749,277.2,12,185,SMALL,1302,,,
72,12703,12705,314664,301956,301961,210.5,2,187,SMALL,1615,,,
186,38725,38728,314824,276093,276099,249.4,3,187,SMALL,1477,,,
329,65959,65960,315835,249873,249876,269.1,1,187,SMALL,1337,,,
462,92839,92849,316186,223335,223347,289.9,10,187,SMALL,1195,,,
485,96871,96882,316910,220025,220039,295.9,11,190,SMALL,1159,,,
300,59650,59651,317501,257848,257851,264.0,1,190,SMALL,1358,,,
341,68817,68828,317600,248770,248783,270.2,11,190,SMALL,1310,,,
399,79828,79829,317808,237976,237980,281.5,1,191,SMALL,1246,,,
98,18077,18079,318158,300078,300081,213.3,2,191,SMALL,1572,,,
196,39654,39658,318305,278645,278651,241.5,4,192,SMALL,1452,,,
118,23041,23044,318884,295838,295843,216.2,3,193,SMALL,1533,,,
295,59035,59040,319139,260097,260104,260.1,5,193,SMALL,1348,,,
447,88227,88237,319527,231287,231300,285.0,10,194,SMALL,1193,,,
143,28752,28757,319877,291119,291125,217.3,5,194,SMALL,1501,,,
105,19216,19221,319893,300669,300677,213.8,5,196,SMALL,1535,,,
214,42987,43004,320004,276998,277017,250.0,17,195,SMALL,1421,,,
302,59892,59903,320104,260198,260212,260.6,11,196,SMALL,1328,,,
54,10461,10462,320360,309895,309899,205.7,1,197,SMALL,1574,,,
61,11072,11078,320376,309295,309304,206.3,6,197,SMALL,1571,,,
84,15036,15041,321375,306332,306339,208.1,5,198,SMALL,1548,,,
111,21147,21152,321415,300260,300268,213.8,5,199,SMALL,1509,,,
361,72880,72886,321681,248794,248801,270.1,6,197,SMALL,1263,,,
117,22998,22999,322031,299031,299033,210.1,1,198,SMALL,1511,,,
203,41382,41387,322099,280711,280717,246.4,5,198,SMALL,1418,,,
232,45377,45384,322102,276716,276725,250.4,7,199,SMALL,1391,,,
312,62136,62141,322292,260149,260156,261.9,5,199,SMALL,1308,,,
463,92945,92957,322613,229655,229668,283.3,12,198,SMALL,1160,,,
355,71197,71206,323087,251880,251890,267.0,9,200,SMALL,1260,,,
191,39048,39053,327332,288275,288284,240.2,5,215,LARGE,1341,,,
219,43459,43468,333783,290313,290324,238.7,9,230,LARGE,1263,,,
160,33157,33161,338108,304943,304951,213.1,4,244,LARGE,1250,,,
372,75475,75477,341375,265896,265900,252.9,2,250,LARGE,1064,,,
445,87668,87674,344391,256714,256723,259.3,6,259,LARGE,992,,,
427,84782,84784,364962,280176,280180,241.8,2,317,LARGE,884,,,
171,36084,36093,369561,333466,333477,208.7,9,330,LARGE,1011,,,
280,56490,56491,371065,314571,314575,220.3,1,335,LARGE,940,,,
247,49036,49046,373794,324744,324758,213.9,10,344,LARGE,945,,,
70,12321,12326,377218,364889,364897,169.6,5,353,LARGE,1034,,,
465,93498,93509,377571,284058,284073,238.9,11,355,LARGE,801,,,
388,78256,78264,378257,299992,300001,228.8,8,353,LARGE,850,,,
457,92052,92054,378355,286300,286303,234.5,2,353,LARGE,812,,,
87,15441,15446,380447,364998,365006,181.7,5,363,LARGE,1006,,,
198,40002,40012,381352,341336,341350,206.7,10,367,LARGE,931,,,
194,39109,39117,393114,353996,354005,200.4,8,400,LARGE,886,,,
391,78648,78658,393260,314601,314612,224.0,10,400,LARGE,787,,,
397,79792,79793,395280,315484,315488,219.3,1,407,LARGE,776,,,
320,64319,64322,396353,332027,332034,209.5,3,412,LARGE,806,,,
344,69513,69524,396404,326878,326891,212.0,11,410,LARGE,798,,,
468,93989,93998,404110,310111,310121,218.9,9,433,LARGE,717,,,
360,72734,72742,405146,332401,332412,208.6,8,439,LARGE,758,,,
451,89721,89722,405318,315593,315597,216.5,1,439,LARGE,719,,,
398,79811,79817,410111,330290,330300,210.5,6,456,LARGE,725,,,
49,10272,10275,412033,401757,401761,168.1,3,461,LARGE,872,,,
279,55487,55488,415792,360302,360305,195.5,1,474,LARGE,761,,,
347,70192,70199,415941,345738,345749,203.5,7,476,LARGE,727,,,
369,74828,74832,415980,341146,341152,203.0,4,474,LARGE,720,,,
26,4277,4281,416691,412408,412414,101.3,4,478,LARGE,863,,,
319,64297,64300,420743,356440,356446,196.3,3,494,LARGE,722,,,
488,97636,97642,424701,327054,327065,211.0,6,512,LARGE,639,,,
113,21618,21619,425393,403772,403775,167.3,1,512,LARGE,789,,,
435,86187,86188,426345,340155,340158,204.1,1,516,LARGE,660,,,
24,4033,4043,428804,424760,424771,101.3,10,526,LARGE,808,,,
378,76575,76581,429275,352692,352700,197.6,6,528,LARGE,668,,,
6,1643,1704,429485,427780,427842,87.7,61,529,LARGE,809,,,
244,48756,48760,429749,380986,380993,186.8,4,532,LARGE,717,,,
91,16259,16261,430039,413775,413780,163.4,2,533,LARGE,777,,,
472,94443,94454,430513,336054,336070,203.5,11,536,LARGE,627,,,
234,46225,46231,431232,384998,385007,184.8,6,538,LARGE,716,,,
466,93524,93533,432681,339143,339157,206.3,9,546,LARGE,622,,,
484,96840,96846,435309,338462,338469,204.2,6,555,LARGE,610,,,
104,19058,19067,436185,417114,417127,159.4,9,563,LARGE,741,,,
299,59581,59591,437370,377778,377789,188.4,10,565,LARGE,669,,,
74,13266,13270,438597,425323,425331,158.4,4,574,LARGE,741,,,
293,58130,58140,438772,380627,380642,184.8,10,576,LARGE,661,,,
448,88683,88684,439021,350336,350338,196.5,1,572,LARGE,613,,,
50,10285,10293,439183,428885,428898,157.3,8,578,LARGE,743,,,
97,17997,17998,440233,422232,422236,159.9,1,581,LARGE,727,,,
138,27726,27729,440282,412547,412556,162.9,3,585,LARGE,706,,,
400,80058,80068,441489,361419,361431,194.3,10,587,LARGE,616,,,
248,49299,49307,443482,394171,394183,179.6,8,601,LARGE,656,,,
211,42485,42492,445430,402937,402945,174.8,7,610,LARGE,661,,,
367,73836,73843,447043,373198,373207,185.5,7,620,LARGE,602,,,
145,29270,29277,447368,418089,418098,154.5,7,623,LARGE,672,,,
305,60180,60185,450382,390194,390202,180.4,5,642,LARGE,608,,,
342,68881,68888,450862,381971,381981,184.9,7,645,LARGE,593,,,
469,94025,94034,450992,356955,356967,190.2,9,645,LARGE,554,,,
216,43103,43108,451246,408137,408143,173.1,5,646,LARGE,632,,,
491,98234,98242,451913,353668,353679,190.8,8,652,LARGE,543,,,
285,57076,57085,452494,395404,395418,176.1,9,659,LARGE,601,,,
29,5167,5173,453118,447938,447951,93.8,6,666,LARGE,673,,,
373,75779,75787,453517,377724,377738,182.2,8,667,LARGE,567,,,
425,84672,84676,454449,369766,369777,185.1,4,675,LARGE,548,,,
99,18161,18169,455448,437275,437287,148.8,8,681,LARGE,643,,,
364,73139,73144,456041,382893,382902,179.3,5,686,LARGE,559,,,
207,41937,41939,456659,414719,414722,167.9,2,689,LARGE,602,,,
362,73074,73084,458430,385340,385356,177.4,10,709,LARGE,544,,,
23,3875,3877,459414,455533,455539,96.9,2,716,LARGE,637,,,
222,43615,43621,460005,416379,416390,167.5,6,722,LARGE,577,,,
16,2999,3003,460221,457213,457222,96.0,4,725,LARGE,631,,,
86,15432,15437,460574,445130,445142,148.6,5,731,LARGE,609,,,
136,27591,27601,461058,433454,433467,151.9,10,732,LARGE,593,,,
380,76797,76800,462385,385579,385588,176.0,3,748,LARGE,516,,,
3,1568,1569,462526,460952,460958,93.5,1,749,LARGE,616,,,
268,53603,53610,462995,409382,409392,168.9,7,751,LARGE,546,,,
62,11138,11142,463596,452445,452458,145.1,4,764,LARGE,593,,,
309,61508,61516,463782,402257,402274,169.8,8,766,LARGE,526,,,
301,59811,59815,463784,403968,403973,170.4,4,758,LARGE,533,,,
481,95947,95952,463918,367961,367971,180.6,5,764,LARGE,482,,,
492,98253,98254,463953,365697,365700,181.1,1,761,LARGE,481,,,
132,26615,26625,464376,437745,437761,150.6,10,771,LARGE,568,,,
387,78132,78142,464541,386395,386409,177.8,10,771,LARGE,502,,,
204,41705,41708,465430,423713,423725,162.4,3,790,LARGE,537,,,
497,99203,99206,465538,366327,366335,190.9,3,787,LARGE,466,,,
333,67186,67192,465866,398670,398680,169.4,6,789,LARGE,506,,,
283,56864,56865,466140,409274,409276,167.3,1,793,LARGE,517,,,
44,8822,8825,466671,457836,457849,96.0,3,810,LARGE,566,,,
30,5205,5209,466895,461679,461690,89.5,4,811,LARGE,570,,,
489,97698,97702,467276,369572,369578,185.9,4,810,LARGE,457,,,
431,85868,85876,467446,381563,381578,175.0,8,820,LARGE,466,,,
152,31718,31724,467647,435918,435929,148.8,6,821,LARGE,531,,,
267,53261,53269,467668,414397,414407,163.2,8,818,LARGE,507,,,
475,95037,95046,467823,372767,372786,176.2,9,828,LARGE,451,,,
71,12572,12579,468418,455834,455846,142.0,7,839,LARGE,544,,,
56,10681,10686,468687,457993,458006,140.9,5,847,LARGE,541,,,
46,9473,9475,469192,459713,459719,96.6,2,857,LARGE,537,,,
260,51331,51334,469329,417983,417998,163.1,3,867,LARGE,483,,,
221,43477,43489,469628,426135,426151,159.0,12,868,LARGE,491,,,
256,50667,50671,469642,418958,418975,161.0,4,877,LARGE,478,,,
303,59901,59914,469889,409961,409988,166.3,13,885,LARGE,464,,,
493,98514,98518,470053,371526,371539,178.3,4,884,LARGE,421,,,
403,80250,80255,470158,389887,389908,170.3,5,895,LARGE,436,,,
298,59485,59492,470392,410897,410907,163.5,7,890,LARGE,462,,,
408,81145,81151,470468,389314,389323,173.0,6,891,LARGE,437,,,
410,81311,81323,470486,389146,389175,170.3,12,905,LARGE,431,,,
487,97077,97086,470489,373401,373412,182.6,9,892,LARGE,419,,,
215,43015,43026,470562,427533,427547,157.5,11,898,LARGE,477,,,
124,24285,24290,470743,446441,446458,143.0,5,913,LARGE,490,,,
304,60170,60174,470806,410618,410636,163.1,4,919,LARGE,447,,,
134,27440,27442,470875,443415,443435,143.7,2,930,LARGE,477,,,
37,6904,6907,470954,464044,464050,82.6,3,920,LARGE,505,,,
22,3781,3789,470966,467166,467185,91.9,8,928,LARGE,504,,,
209,42113,42133,471210,429059,429097,155.9,20,950,LARGE,452,,,
53,10389,10398,471269,460863,460880,137.5,9,946,LARGE,488,,,
100,18341,18348,471313,452946,452972,140.0,7,959,LARGE,473,,,
103,19037,19047,471426,452363,452389,139.4,10,968,LARGE,468,,,
52,10386,10390,471465,461061,461079,136.9,4,972,LARGE,475,,,
131,25917,25925,471495,445565,445578,142.7,8,965,LARGE,462,,,
334,67314,67323,471528,404196,404214,161.6,9,974,LARGE,416,,,
377,76409,76413,471533,395116,395124,164.7,4,970,LARGE,408,,,
34,6222,6227,471542,465307,465320,81.1,5,985,LARGE,473,,,
95,17541,17550,471550,453993,454009,138.4,9,987,LARGE,460,,,
212,42755,42759,471552,428792,428797,154.1,4,983,LARGE,437,,,
