pids,instantiation times,start times,finish times,total wait times,turnaround times,average queue lengths,response times,required cpu times,process sizes,turnaround times,throughput,average response time,average queue length
1,95,115,223,104,128,2.0,20,64,SMALL,2,1,6.0,40
2,288,330,401,53,113,2.5,42,38,TINY,3,,,
6,503,531,1233,701,730,8.3,28,34,TINY,22,,,
28,2350,2352,2817,464,467,26.4,2,19,TINY,25,,,
32,2685,2688,3943,1253,1258,30.7,3,30,TINY,42,,,
44,4371,4376,4457,80,86,40.0,5,11,TINY,8,,,
48,4717,4721,4822,99,105,43.0,4,18,TINY,6,,,
51,4992,4994,5209,214,217,45.9,2,13,TINY,17,,,
52,5027,5030,5409,378,382,46.2,3,21,TINY,19,,,
54,5487,5491,5555,63,68,46.0,4,15,TINY,5,,,
62,6118,6124,6483,358,365,53.6,6,13,TINY,29,,,
63,6202,6205,7050,843,848,56.7,3,16,TINY,53,,,
57,5619,5628,10467,4837,4848,54.7,9,22,TINY,221,,,
72,6777,6778,11591,4811,4814,70.9,1,26,TINY,186,,,
81,7777,7782,12334,4550,4557,78.0,5,29,TINY,158,,,
93,9262,9264,12936,3671,3674,84.3,2,30,TINY,123,,,
67,6515,6520,14659,8137,8144,71.8,5,36,TINY,227,,,
16,1295,1297,14862,13563,13567,25.6,2,37,TINY,367,,,
77,7446,7452,16221,8767,8775,77.0,6,40,TINY,220,,,
85,7998,8006,16333,8326,8335,80.4,8,39,TINY,214,,,
99,9890,9897,17290,7391,7400,86.5,7,43,TINY,173,,,
15,1280,1288,18142,16853,16862,42.4,8,45,TINY,375,,,
69,6710,6717,18555,11836,11845,75.4,7,46,TINY,258,,,
23,2054,2056,18918,16860,16864,46.1,2,48,TINY,352,,,
68,6562,6565,19910,13344,13348,74.0,3,49,TINY,273,,,
55,5602,5610,19972,14361,14370,69.0,8,49,TINY,294,,,
37,3331,3338,21935,18595,18604,56.8,7,56,SMALL,333,,,
12,985,989,22488,21497,21503,45.7,4,58,SMALL,371,,,
87,8280,8285,24290,16004,16010,78.3,5,61,SMALL,263,,,
82,7784,7792,27183,19389,19399,77.0,8,71,SMALL,274,,,
98,9859,9867,28635,18767,18776,81.3,8,74,SMALL,254,,,
9,660,662,29998,29334,29338,54.8,2,80,SMALL,367,,,
91,8907,8908,33240,24331,24333,77.2,1,88,SMALL,277,,,
20,1626,1634,34442,32807,32816,58.2,8,92,SMALL,357,,,
29,2487,2488,40445,37955,37958,60.3,1,112,SMALL,339,,,
8,552,553,45892,45338,45340,61.2,1,130,SMALL,349,,,
25,2185,2192,46111,43917,43926,60.5,7,132,SMALL,333,,,
92,8933,8935,50964,42028,42031,72.2,2,148,SMALL,284,,,
60,5905,5911,53450,47538,47545,68.3,6,157,SMALL,303,,,
49,4887,4895,55262,50365,50375,65.0,8,165,SMALL,306,,,
10,733,737,59090,58351,58357,60.7,4,180,SMALL,325,,,
83,7914,7922,61038,53115,53124,69.2,8,185,SMALL,288,,,
43,4257,4259,62418,58157,58161,64.1,2,192,SMALL,303,,,
30,2497,2504,63833,61328,61336,60.9,7,197,SMALL,312,,,
71,6725,6734,67940,61204,61215,66.5,9,214,SMALL,287,,,
11,790,792,69679,68886,68889,59.5,2,221,SMALL,312,,,
34,3073,3074,71707,68631,68634,60.4,1,230,SMALL,299,,,
66,6312,6315,73725,67409,67413,64.8,3,237,SMALL,285,,,
84,7968,7976,74753,66776,66785,65.9,8,241,SMALL,278,,,
45,4482,4485,74810,70323,70328,61.5,3,243,SMALL,290,,,
53,5070,5074,75101,70025,70031,62.6,4,244,SMALL,288,,,
42,4229,4232,82123,77890,77894,60.5,3,275,SMALL,284,,,
59,5867,5875,83448,77572,77581,62.0,8,281,SMALL,277,,,
73,6879,6886,84719,77832,77840,62.4,7,287,SMALL,272,,,
24,2127,2128,92876,90746,90749,56.2,1,328,SMALL,277,,,
26,2232,2240,92879,90637,90647,56.3,8,328,SMALL,277,,,
80,7664,7673,97876,90202,90212,59.7,9,352,SMALL,257,,,
61,6010,6019,99036,93015,93026,58.4,9,359,SMALL,260,,,
86,8109,8115,100809,92692,92700,59.3,6,373,SMALL,249,,,
3,334,351,102943,102589,102609,48.2,17,390,SMALL,264,,,
47,4608,4613,103495,98881,98887,56.3,5,391,SMALL,253,,,
70,6712,6726,103969,97240,97257,57.9,14,396,SMALL,246,,,
64,6221,6223,104321,98097,98100,57.5,2,397,SMALL,248,,,
95,9412,9414,104825,95408,95413,59.6,2,404,SMALL,237,,,
33,3046,3050,105287,102236,102241,54.3,4,406,SMALL,252,,,
90,8742,8750,105870,97118,97128,58.0,8,412,SMALL,236,,,
0,72,73,105904,105828,105832,43.6,1,414,SMALL,256,,,
13,1057,1061,106510,105447,105453,53.1,4,419,SMALL,252,,,
97,9770,9777,106775,96995,97005,58.0,7,422,SMALL,230,,,
50,4910,4913,107182,102268,102272,55.0,3,424,SMALL,242,,,
76,7289,7291,107734,100441,100445,56.5,2,431,SMALL,234,,,
21,1773,1778,109619,107838,107846,52.1,5,458,SMALL,236,,,
89,8599,8600,110132,101530,101533,56.0,1,464,SMALL,219,,,
19,1555,1562,111185,109621,109630,51.4,7,479,SMALL,229,,,
35,3210,3218,111540,108318,108330,51.9,8,487,SMALL,223,,,
79,7583,7592,145955,138359,138372,43.7,9,1038,LARGE,134,,,
38,3579,3581,152530,148945,148951,40.4,2,1147,LARGE,130,,,
94,9313,9314,155382,146067,146069,41.7,1,1193,LARGE,123,,,
58,5804,5806,181997,176187,176193,36.5,2,1680,LARGE,105,,,
4,493,501,183364,182862,182871,34.6,8,1707,LARGE,108,,,
14,1066,1070,183665,182592,182599,34.6,4,1716,LARGE,107,,,
27,2270,2272,190575,188302,188305,34.2,2,1879,LARGE,101,,,
31,2568,2576,192957,190376,190389,33.9,8,1943,LARGE,98,,,
78,7517,7522,193396,185870,185879,35.0,5,1954,LARGE,96,,,
74,7116,7123,196018,188892,188902,34.5,7,2042,LARGE,93,,,
75,7262,7267,196684,189412,189422,34.4,5,2069,LARGE,92,,,
65,6233,6241,204570,198326,198337,32.9,8,2395,LARGE,83,,,
39,3978,3980,204680,200699,200702,32.2,2,2398,LARGE,84,,,
46,4531,4533,210004,205466,205473,31.3,2,2673,LARGE,77,,,
40,4071,4079,223571,219485,219500,28.7,8,3435,LARGE,64,,,
7,532,542,224698,224154,224166,27.5,10,3505,LARGE,64,,,
56,5611,5619,224754,219132,219143,28.9,8,3507,LARGE,63,,,
96,9556,9559,225450,215889,215894,29.1,3,3569,LARGE,61,,,
22,1834,1841,226408,224565,224574,27.6,7,3673,LARGE,62,,,
41,4130,4133,227216,223081,223086,27.9,3,3779,LARGE,60,,,
88,8425,8431,227784,219338,219359,28.4,6,3885,LARGE,57,,,
17,1407,1410,229039,227609,227632,26.7,3,4165,LARGE,55,,,
5,497,518,229464,228940,228967,26.3,21,4278,LARGE,54,,,
18,1471,1474,229791,228306,228320,26.3,3,4436,LARGE,52,,,
36,3218,3226,229930,226672,226712,26.5,8,4567,LARGE,50,,,
