pids,instantiation times,start times,finish times,total wait times,turnaround times,average queue lengths,response times,required cpu times,process sizes,turnaround times,throughput,average response time,average queue length
0,11,12,41,29,30,0.0,1,28,TINY,2,0.7988567372458997,3.35,186
1,34,42,89,55,55,0.0,8,45,TINY,2,,,
41,886,891,1835,967,949,43.8,5,24,TINY,40,,,
13,359,366,2744,2403,2385,28.1,7,27,TINY,89,,,
106,3428,3430,3561,152,133,103.0,2,17,TINY,8,,,
109,3582,3587,3600,23,18,104.0,5,11,TINY,2,,,
111,3630,3631,3678,67,48,105.6,1,18,TINY,3,,,
115,3775,3779,3803,42,28,108.0,4,20,TINY,2,,,
127,4077,4079,4138,75,61,119.2,2,16,TINY,4,,,
164,5338,5339,5373,50,35,155.5,1,16,TINY,3,,,
160,5197,5199,5426,247,229,152.4,2,18,TINY,13,,,
166,5443,5447,5480,50,37,155.2,4,15,TINY,3,,,
157,5162,5169,5614,469,452,152.7,7,23,TINY,20,,,
171,5627,5630,5653,42,26,158.0,3,19,TINY,2,,,
182,6108,6114,6181,87,73,168.2,6,18,TINY,5,,,
185,6196,6197,6224,38,28,170.7,1,10,TINY,3,,,
184,6185,6187,6304,135,119,170.4,2,20,TINY,6,,,
165,5346,5349,6406,1084,1060,158.0,3,25,TINY,43,,,
193,6513,6517,6544,38,31,175.0,4,10,TINY,4,,,
11,306,311,6769,6486,6463,44.6,5,32,TINY,202,,,
30,681,686,6856,6201,6175,61.4,5,29,TINY,213,,,
104,3389,3390,7361,3999,3972,116.1,1,32,TINY,125,,,
202,7429,7432,7476,67,47,180.0,3,24,TINY,2,,,
135,4441,4444,7590,3175,3149,137.5,3,31,TINY,102,,,
207,7765,7766,7799,58,34,183.0,1,27,TINY,2,,,
155,5154,5159,7826,2698,2672,158.1,5,29,TINY,93,,,
158,5172,5174,7833,2690,2661,158.8,2,29,TINY,92,,,
209,7836,7839,7891,63,55,183.3,3,10,TINY,6,,,
212,7877,7879,7984,131,107,184.3,2,26,TINY,5,,,
219,8299,8300,8353,70,54,190.5,1,15,TINY,4,,,
217,8275,8280,8406,152,131,189.9,5,26,TINY,6,,,
210,7843,7844,8689,875,846,185.4,1,30,TINY,29,,,
229,8749,8750,8867,143,118,198.0,1,26,TINY,5,,,
234,8933,8938,8954,35,21,201.0,5,13,TINY,2,,,
233,8914,8918,8967,75,53,200.0,4,26,TINY,3,,,
17,473,476,9226,8781,8753,68.8,3,35,TINY,251,,,
240,9346,9347,9360,23,14,204.0,1,11,TINY,2,,,
253,9866,9871,9938,97,72,216.0,5,30,TINY,3,,,
259,10045,10049,10202,177,157,222.3,4,23,TINY,7,,,
271,10447,10448,10605,177,158,233.6,1,18,TINY,9,,,
273,10493,10498,10799,325,306,235.5,5,23,TINY,14,,,
266,10389,10393,10927,560,538,229.1,4,26,TINY,21,,,
269,10432,10438,10971,558,539,234.6,6,27,TINY,20,,,
280,10770,10771,11013,269,243,240.3,1,25,TINY,10,,,
298,11759,11764,11796,50,37,255.0,5,14,TINY,3,,,
297,11677,11684,11825,166,148,253.1,7,27,TINY,6,,,
87,2708,2711,11930,9249,9222,118.3,3,36,TINY,257,,,
101,3328,3335,12279,8975,8951,131.2,7,35,TINY,256,,,
116,3822,3824,12328,8535,8506,135.9,2,35,TINY,244,,,
311,12397,12399,12421,33,24,262.7,2,10,TINY,3,,,
317,12650,12652,12864,242,214,269.2,2,30,TINY,8,,,
326,13005,13010,13028,35,23,275.0,5,15,TINY,2,,,
334,13395,13399,13506,127,111,283.0,4,18,TINY,7,,,
331,13302,13304,13566,285,264,280.8,2,24,TINY,11,,,
337,13508,13512,13663,177,155,284.3,4,21,TINY,8,,,
347,13805,13809,13836,38,31,292.0,4,10,TINY,4,,,
351,14028,14032,14048,35,20,295.0,4,13,TINY,2,,,
345,13774,13784,14057,298,283,292.1,10,27,TINY,11,,,
360,14384,14388,14524,163,140,303.0,4,25,TINY,6,,,
363,14487,14488,14538,75,51,304.9,1,27,TINY,2,,,
365,14577,14579,14655,95,78,306.2,2,13,TINY,6,,,
374,14858,14861,14964,127,106,313.5,3,23,TINY,5,,,
403,15891,15895,16167,297,276,344.7,4,22,TINY,13,,,
410,16028,16030,16370,366,342,348.7,2,26,TINY,14,,,
412,16229,16233,16407,201,178,350.7,4,25,TINY,8,,,
419,16489,16493,16577,107,88,354.7,4,24,TINY,4,,,
418,16463,16468,16594,153,131,353.7,5,25,TINY,6,,,
429,16839,16840,17686,877,847,365.8,1,29,TINY,30,,,
446,17892,17897,17936,67,44,378.0,5,32,TINY,2,,,
450,18056,18062,18124,80,68,382.8,6,14,TINY,5,,,
453,18179,18180,18244,82,65,383.8,1,20,TINY,4,,,
455,18209,18210,18742,558,533,386.7,1,26,TINY,21,,,
447,18004,18007,18857,878,853,382.1,3,32,TINY,27,,,
461,18362,18365,19015,680,653,392.5,3,30,TINY,22,,,
476,19050,19051,19079,47,29,402.0,1,19,TINY,2,,,
478,19159,19160,19178,35,19,403.0,1,15,TINY,2,,,
481,19246,19249,19290,62,44,405.6,3,17,TINY,3,,,
474,18940,18943,19317,405,377,401.5,3,29,TINY,13,,,
489,19483,19488,19556,85,73,411.8,5,15,TINY,5,,,
490,19498,19503,19581,96,83,412.8,5,20,TINY,5,,,
320,12711,12712,20465,7784,7754,287.2,1,35,TINY,222,,,
359,14364,14368,20623,6287,6259,321.2,4,34,TINY,185,,,
413,16243,16248,20858,4640,4615,360.9,5,36,TINY,129,,,
12,356,361,21256,20928,20900,98.9,5,38,TINY,550,,,
22,567,571,21294,20756,20727,108.4,4,38,TINY,546,,,
61,1676,1681,21476,19829,19800,129.3,5,37,TINY,536,,,
89,2775,2780,21609,18862,18834,148.4,5,38,TINY,496,,,
133,4355,4359,21789,17461,17434,177.4,4,40,TINY,436,,,
134,4395,4399,21793,17426,17398,177.9,4,39,TINY,447,,,
199,7157,7162,22050,14922,14893,221.9,5,37,TINY,403,,,
204,7608,7611,22068,14490,14460,227.2,3,38,TINY,381,,,
208,7833,7834,22080,14280,14247,230.2,1,37,TINY,386,,,
277,10693,10696,22347,11685,11654,274.1,3,37,TINY,315,,,
340,13611,13612,22612,9031,9001,313.7,1,40,TINY,226,,,
385,15219,15220,22796,7608,7577,345.6,1,39,TINY,195,,,
396,15526,15530,22850,7352,7324,354.2,4,39,TINY,188,,,
431,16880,16885,22987,6136,6107,375.1,5,37,TINY,166,,,
432,16927,16930,22991,6093,6064,375.4,3,39,TINY,156,,,
483,19330,19333,23195,3894,3865,408.4,3,39,TINY,100,,,
485,19357,19358,23202,3878,3845,408.8,1,37,TINY,104,,,
486,19372,19373,23204,3865,3832,409.3,1,37,TINY,104,,,
2,108,109,23283,23174,23175,132.7,1,53,SMALL,438,,,
8,208,213,23300,23123,23092,123.8,5,41,TINY,564,,,
113,3692,3694,23748,20089,20056,184.0,2,42,TINY,478,,,
147,4869,4874,23886,19047,19017,204.8,5,42,TINY,453,,,
162,5264,5269,23941,18705,18677,214.5,5,44,TINY,425,,,
255,9950,9954,24291,14370,14341,271.8,4,44,TINY,326,,,
281,10826,10830,24384,13589,13558,285.9,4,42,TINY,323,,,
463,18461,18465,25119,6687,6658,397.2,4,44,TINY,152,,,
466,18543,18545,25131,6622,6588,398.3,2,41,TINY,161,,,
495,19858,19862,25231,5402,5373,411.9,4,44,TINY,123,,,
71,2014,2016,25549,23572,23535,178.0,2,46,TINY,512,,,
114,3698,3699,25721,22062,22023,200.9,1,45,TINY,490,,,
177,5842,5844,25954,20149,20112,241.4,2,46,TINY,438,,,
220,8306,8310,26096,17826,17790,260.5,4,45,TINY,396,,,
299,11760,11769,26411,14679,14651,302.8,9,48,TINY,306,,,
301,11967,11971,26420,14487,14453,302.6,4,47,TINY,308,,,
342,13748,13749,26583,12873,12835,329.7,1,46,TINY,280,,,
480,19221,19224,27121,7936,7900,402.6,3,46,TINY,172,,,
492,19520,19523,27150,7665,7630,407.3,3,47,TINY,163,,,
6,173,176,27197,27068,27024,163.0,3,49,TINY,552,,,
69,1989,1991,27467,25520,25478,193.0,2,52,SMALL,490,,,
137,4505,4509,27724,23262,23219,227.2,4,49,TINY,474,,,
149,5008,5009,27779,22814,22771,234.5,1,52,SMALL,438,,,
206,7652,7656,27976,20367,20324,264.5,4,49,TINY,415,,,
225,8500,8502,28030,19573,19530,272.3,2,51,SMALL,383,,,
289,11406,11409,28280,16915,16874,302.5,3,52,SMALL,325,,,
333,13372,13374,28452,15125,15080,326.8,2,49,TINY,308,,,
339,13586,13587,28470,14929,14884,329.0,1,50,TINY,298,,,
433,17014,17015,28833,11864,11819,376.9,1,50,TINY,237,,,
37,771,776,29198,28469,28427,189.9,5,56,SMALL,508,,,
46,1045,1051,29237,28234,28192,192.1,6,55,SMALL,513,,,
77,2362,2366,29375,27058,27013,210.0,4,54,SMALL,501,,,
125,4050,4054,29560,25553,25510,233.1,4,56,SMALL,456,,,
138,4532,4534,29599,25113,25067,237.4,2,55,SMALL,456,,,
159,5178,5179,29679,24547,24501,248.3,1,56,SMALL,438,,,
174,5725,5729,29722,24042,23997,258.9,4,54,SMALL,445,,,
263,10203,10208,30039,19881,19836,296.4,5,53,SMALL,375,,,
302,12018,12021,30174,18200,18156,312.9,3,56,SMALL,325,,,
327,13265,13269,30277,17057,17012,328.1,4,54,SMALL,316,,,
335,13403,13404,30300,16945,16897,329.4,1,54,SMALL,313,,,
27,632,636,30989,30407,30357,199.3,4,59,SMALL,515,,,
39,824,831,31039,30261,30215,201.4,7,60,SMALL,504,,,
288,11290,11294,31932,20693,20642,309.5,4,58,SMALL,356,,,
386,15292,15295,32280,17040,16988,354.4,3,58,SMALL,293,,,
423,16601,16605,32428,15878,15827,369.3,4,58,SMALL,273,,,
3,146,151,32692,32586,32546,243.9,5,60,SMALL,543,,,
40,857,861,32819,32015,31962,210.9,4,61,SMALL,524,,,
70,1992,1996,32949,31007,30957,224.1,4,64,SMALL,484,,,
117,3876,3879,33119,29294,29243,241.9,3,64,SMALL,457,,,
154,5135,5139,33256,28174,28121,259.7,4,61,SMALL,461,,,
169,5486,5491,33283,27849,27797,262.6,5,61,SMALL,456,,,
170,5552,5556,33287,27786,27735,262.9,4,63,SMALL,441,,,
440,17475,17480,34250,16826,16775,375.6,5,62,SMALL,271,,,
477,19081,19085,34385,15354,15304,389.4,4,64,SMALL,240,,,
178,5878,5879,35043,29222,29165,275.6,1,66,SMALL,442,,,
226,8552,8557,35197,26697,26645,291.2,5,67,SMALL,398,,,
241,9418,9421,35250,25887,25832,295.2,3,66,SMALL,392,,,
260,10049,10054,35327,25332,25278,303.8,5,65,SMALL,389,,,
358,14306,14308,35660,21410,21354,342.4,2,66,SMALL,324,,,
444,17762,17767,35987,18279,18225,374.2,5,65,SMALL,281,,,
243,9482,9486,36959,27535,27477,298.2,4,69,SMALL,399,,,
267,10421,10423,37049,26685,26628,310.6,2,72,SMALL,370,,,
316,12541,12542,37224,24741,24683,324.4,1,72,SMALL,343,,,
318,12665,12667,37227,24621,24562,325.7,2,70,SMALL,351,,,
362,14421,14423,37362,22998,22941,343.3,2,72,SMALL,319,,,
482,19258,19259,37795,18597,18537,385.2,1,70,SMALL,265,,,
151,5056,5059,38385,33389,33329,271.1,3,76,SMALL,439,,,
189,6268,6270,38479,32273,32211,284.8,2,75,SMALL,430,,,
23,575,576,39572,39066,38997,233.5,1,78,SMALL,500,,,
56,1475,1476,39700,38294,38225,242.2,1,78,SMALL,491,,,
65,1907,1911,39739,37897,37832,244.9,4,79,SMALL,479,,,
84,2586,2591,39814,37291,37228,251.8,5,80,SMALL,466,,,
121,3968,3969,39936,36038,35968,263.6,1,77,SMALL,468,,,
123,4019,4024,39945,35990,35926,264.8,5,79,SMALL,455,,,
142,4679,4684,40003,35389,35324,269.9,5,78,SMALL,453,,,
251,9762,9766,40325,30630,30563,304.1,4,77,SMALL,397,,,
295,11672,11674,40470,28864,28798,319.2,2,80,SMALL,360,,,
338,13581,13582,40600,27086,27019,332.9,1,80,SMALL,338,,,
373,14774,14781,40714,26002,25940,344.6,7,79,SMALL,329,,,
395,15519,15520,40808,25357,25289,353.0,1,79,SMALL,321,,,
400,15765,15770,40828,25126,25063,353.9,5,80,SMALL,314,,,
411,16111,16115,40871,24826,24760,357.8,4,78,SMALL,318,,,
426,16787,16790,40920,24199,24133,362.8,3,79,SMALL,306,,,
19,528,531,41195,40737,40667,236.4,3,84,SMALL,485,,,
74,2280,2281,41395,39187,39115,250.5,1,84,SMALL,466,,,
92,2989,2995,41464,38543,38475,257.3,6,83,SMALL,464,,,
293,11564,11569,42068,30573,30504,317.8,5,83,SMALL,368,,,
322,12883,12885,42157,29346,29274,326.1,2,83,SMALL,353,,,
390,15404,15410,42377,27040,26973,350.3,6,84,SMALL,322,,,
462,18456,18460,42617,24230,24161,371.3,4,84,SMALL,288,,,
72,2126,2131,42954,40900,40828,252.4,5,85,SMALL,481,,,
97,3174,3175,43048,39948,39874,260.5,1,87,SMALL,459,,,
126,4064,4069,43126,39133,39062,269.4,5,86,SMALL,455,,,
221,8432,8437,43386,35023,34954,297.1,5,88,SMALL,398,,,
376,14884,14891,43863,29049,28979,342.0,7,85,SMALL,341,,,
378,14969,14970,43870,28977,28901,342.8,1,85,SMALL,341,,,
436,17097,17100,44063,27039,26966,359.2,3,86,SMALL,314,,,
60,1660,1661,44451,42869,42791,251.7,1,90,SMALL,476,,,
66,1935,1936,44471,42612,42536,253.7,1,92,SMALL,463,,,
124,4041,4044,44644,40679,40603,270.4,3,90,SMALL,452,,,
493,19655,19657,45732,26154,26077,371.2,2,90,SMALL,290,,,
183,6147,6149,46285,40218,40138,288.6,2,94,SMALL,427,,,
306,12195,12196,46659,34544,34464,318.6,1,95,SMALL,363,,,
394,15483,15490,46931,31524,31448,344.2,7,93,SMALL,339,,,
409,15982,15985,46983,31081,31001,348.0,3,93,SMALL,334,,,
458,18306,18310,47127,28898,28821,360.8,4,95,SMALL,304,,,
24,582,586,47295,46792,46713,247.5,4,98,SMALL,477,,,
54,1340,1346,47408,46145,46068,253.8,6,98,SMALL,471,,,
67,1940,1941,47448,45588,45508,256.9,1,100,SMALL,456,,,
86,2615,2621,47507,44968,44892,262.0,6,99,SMALL,454,,,
128,4117,4119,47614,43579,43497,272.7,2,97,SMALL,449,,,
167,5460,5462,47712,42333,42252,281.2,2,98,SMALL,432,,,
421,16531,16533,48472,32020,31941,347.6,2,100,SMALL,320,,,
473,18885,18888,48634,29830,29749,360.6,3,97,SMALL,307,,,
479,19177,19179,48641,29546,29464,361.4,2,97,SMALL,304,,,
9,213,218,48704,48574,48491,244.1,5,102,SMALL,476,,,
180,6087,6089,49174,43171,43087,287.7,2,104,SMALL,415,,,
195,6657,6660,49216,42645,42559,289.8,3,101,SMALL,422,,,
198,7032,7037,49230,42280,42198,290.0,5,103,SMALL,410,,,
250,9688,9691,49384,39780,39696,302.0,3,103,SMALL,386,,,
368,14612,14614,49722,35196,35110,332.1,2,102,SMALL,345,,,
471,18741,18743,50040,31385,31299,357.1,2,102,SMALL,307,,,
119,3923,3924,50438,46604,46515,270.1,1,106,SMALL,439,,,
120,3939,3944,50443,46587,46504,271.1,5,108,SMALL,431,,,
278,10694,10701,50852,40240,40158,308.5,7,107,SMALL,376,,,
287,11200,11204,50884,39771,39684,309.4,4,105,SMALL,378,,,
416,16370,16371,51258,34976,34888,341.2,1,107,SMALL,327,,,
454,18194,18195,51365,33261,33171,350.7,1,105,SMALL,316,,,
15,439,441,51497,51150,51058,247.5,2,109,SMALL,469,,,
28,638,641,51532,50982,50894,250.9,3,112,SMALL,455,,,
55,1407,1411,51631,50312,50224,256.2,4,111,SMALL,453,,,
172,5679,5684,51915,46323,46236,280.8,5,111,SMALL,417,,,
224,8466,8467,52047,43674,43581,294.4,1,109,SMALL,400,,,
249,9676,9681,52131,42542,42455,299.6,5,111,SMALL,383,,,
270,10441,10443,52185,41834,41744,305.9,2,111,SMALL,377,,,
304,12074,12076,52272,40290,40198,311.6,2,109,SMALL,369,,,
370,14670,14671,52460,37882,37790,327.7,1,110,SMALL,344,,,
372,14771,14776,52468,37785,37697,328.4,5,110,SMALL,343,,,
388,15389,15395,52517,37214,37128,333.6,6,111,SMALL,335,,,
140,4640,4644,53171,48621,48531,274.8,4,115,SMALL,423,,,
230,8771,8775,53380,44699,44609,294.3,4,115,SMALL,388,,,
296,11677,11679,53570,41984,41893,308.7,2,116,SMALL,362,,,
312,12401,12404,53607,41299,41206,311.7,3,113,SMALL,365,,,
354,14130,14133,53721,39682,39591,321.2,3,115,SMALL,345,,,
382,15120,15125,53793,38764,38673,328.3,5,113,SMALL,343,,,
392,15432,15435,53820,38481,38388,331.1,3,113,SMALL,340,,,
399,15707,15710,53837,38223,38130,331.8,3,113,SMALL,338,,,
417,16435,16438,53886,37542,37451,335.3,3,115,SMALL,326,,,
76,2334,2336,54290,52049,51956,260.4,2,119,SMALL,437,,,
332,13342,13344,54935,41685,41593,314.6,2,120,SMALL,347,,,
428,16796,16800,55168,38464,38372,335.0,4,118,SMALL,326,,,
81,2522,2526,55555,53131,53033,261.3,4,121,SMALL,439,,,
256,9952,9959,55978,46120,46026,296.9,7,122,SMALL,378,,,
309,12366,12369,56112,43843,43746,307.2,3,123,SMALL,356,,,
377,14927,14931,56277,41445,41350,321.8,4,124,SMALL,334,,,
452,18068,18072,56470,38499,38402,337.4,4,122,SMALL,315,,,
470,18690,18695,56518,37924,37828,340.4,5,122,SMALL,311,,,
44,1036,1041,56683,55742,55647,252.3,5,128,SMALL,435,,,
99,3322,3325,56843,53618,53521,265.0,3,128,SMALL,419,,,
161,5256,5259,56975,51819,51719,276.1,3,125,SMALL,414,,,
292,11528,11529,57300,45871,45772,301.7,1,128,SMALL,358,,,
364,14551,14554,57463,43011,42912,316.5,3,126,SMALL,341,,,
422,16599,16600,57597,41098,40998,327.3,1,127,SMALL,323,,,
47,1129,1131,57889,56862,56760,252.1,2,129,SMALL,440,,,
96,3122,3125,58027,55005,54905,262.5,3,130,SMALL,423,,,
110,3610,3611,58065,54557,54455,264.9,1,130,SMALL,419,,,
192,6504,6507,58222,51819,51718,281.4,3,129,SMALL,401,,,
227,8571,8572,58299,49831,49728,287.4,1,129,SMALL,386,,,
268,10431,10433,58411,48082,47980,296.4,2,129,SMALL,372,,,
50,1285,1286,59064,57886,57779,253.4,1,134,SMALL,432,,,
85,2611,2616,59152,56644,56541,259.7,5,134,SMALL,422,,,
122,3988,3989,59231,55349,55243,266.7,1,135,SMALL,410,,,
285,11015,11019,59599,48688,48584,295.6,4,134,SMALL,363,,,
328,13266,13274,59692,46526,46426,304.8,8,134,SMALL,347,,,
29,640,646,60139,59606,59499,248.8,6,137,SMALL,435,,,
232,8882,8883,60587,51816,51705,284.3,1,138,SMALL,375,,,
369,14614,14619,60905,46398,46291,309.5,5,138,SMALL,336,,,
7,189,192,61212,61136,61023,244.3,3,141,SMALL,433,,,
108,3489,3490,61460,58085,57971,261.3,1,142,SMALL,409,,,
205,7647,7651,61645,54107,53998,278.9,4,144,SMALL,375,,,
242,9436,9441,61725,52397,52289,283.7,5,144,SMALL,364,,,
244,9540,9541,61730,52302,52190,284.5,1,144,SMALL,363,,,
350,13890,13892,61967,48191,48077,303.2,2,141,SMALL,341,,,
356,14144,14148,61985,47952,47841,304.5,4,142,SMALL,337,,,
439,17289,17290,62163,44988,44874,318.5,1,142,SMALL,317,,,
484,19333,19338,62255,43033,42922,326.1,5,141,SMALL,305,,,
499,19961,19962,62294,42446,42333,328.2,1,143,SMALL,297,,,
88,2764,2765,62491,59843,59727,256.5,1,145,SMALL,412,,,
107,3437,3440,62543,59220,59106,259.9,3,145,SMALL,408,,,
381,15114,15115,63091,48092,47977,306.5,1,146,SMALL,329,,,
31,693,696,63398,62824,62705,246.2,3,149,SMALL,421,,,
190,6466,6467,63730,57385,57264,272.5,1,149,SMALL,385,,,
393,15481,15485,64160,48794,48679,306.2,4,152,SMALL,321,,,
16,449,451,64407,64082,63958,242.6,2,153,SMALL,419,,,
146,4832,4834,64685,59976,59853,262.8,2,154,SMALL,389,,,
153,5111,5114,64704,59714,59593,264.6,3,155,SMALL,385,,,
168,5482,5486,64719,59356,59237,265.8,4,156,SMALL,380,,,
352,14062,14063,65106,51169,51044,295.7,1,153,SMALL,334,,,
375,14882,14886,65144,50383,50262,299.9,4,154,SMALL,327,,,
53,1336,1341,65518,64302,64182,247.3,5,159,SMALL,404,,,
136,4471,4474,65671,61323,61200,259.7,3,158,SMALL,388,,,
200,7312,7317,65783,58593,58471,269.9,5,157,SMALL,373,,,
237,9033,9038,65855,56944,56822,275.0,5,157,SMALL,362,,,
245,9563,9566,65869,56428,56306,276.5,3,159,SMALL,355,,,
329,13266,13279,66058,52904,52792,290.2,13,159,SMALL,333,,,
496,19858,19867,66381,46640,46523,314.9,9,158,SMALL,295,,,
58,1552,1556,66510,65084,64958,246.4,4,163,SMALL,399,,,
248,9655,9656,66852,57328,57197,274.8,1,161,SMALL,356,,,
315,12478,12482,66995,54644,54517,284.6,4,162,SMALL,337,,,
321,12714,12717,67002,54417,54288,285.5,3,161,SMALL,338,,,
357,14254,14258,67071,52943,52817,291.8,4,163,SMALL,325,,,
427,16791,16795,67198,50535,50407,302.6,4,161,SMALL,314,,,
445,17834,17837,67243,49535,49409,304.7,3,164,SMALL,302,,,
75,2293,2296,67492,65330,65199,247.4,3,167,SMALL,391,,,
201,7416,7417,67711,60428,60295,266.0,1,167,SMALL,362,,,
383,15142,15145,68041,53029,52899,293.2,3,168,SMALL,315,,,
459,18332,18335,68200,49999,49868,304.4,3,167,SMALL,299,,,
467,18595,18600,68220,49753,49625,305.6,5,168,SMALL,296,,,
475,19030,19031,68240,49342,49210,306.2,1,168,SMALL,293,,,
112,3638,3641,68492,64993,64854,250.9,3,169,SMALL,384,,,
129,4173,4174,68501,64467,64328,253.6,1,171,SMALL,377,,,
275,10605,10606,68766,58299,58161,274.9,1,172,SMALL,339,,,
314,12472,12477,68851,56513,56379,279.7,5,172,SMALL,328,,,
367,14606,14609,68936,54466,54330,288.2,3,172,SMALL,316,,,
404,15906,15910,68993,53225,53087,294.0,4,169,SMALL,315,,,
415,16259,16263,69021,52899,52762,295.0,4,170,SMALL,311,,,
435,17063,17065,69051,52125,51988,297.4,2,172,SMALL,303,,,
457,18290,18295,69098,50945,50808,301.2,5,169,SMALL,301,,,
494,19668,19672,69147,49615,49479,305.0,4,171,SMALL,290,,,
51,1321,1326,69260,68076,67939,241.2,5,174,SMALL,391,,,
103,3354,3355,69370,66155,66016,248.5,1,176,SMALL,376,,,
235,8965,8968,69565,60737,60600,266.1,3,176,SMALL,345,,,
59,1584,1586,70120,68679,68536,240.1,2,180,SMALL,381,,,
150,5012,5014,70270,65401,65258,252.7,2,180,SMALL,363,,,
175,5731,5734,70295,64706,64564,257.2,3,180,SMALL,359,,,
283,10885,10890,70492,59750,59607,270.7,5,177,SMALL,337,,,
497,19948,19952,70830,51025,50882,299.6,4,178,SMALL,286,,,
38,821,826,70908,70236,70087,235.4,5,182,SMALL,386,,,
83,2528,2536,70990,68609,68462,241.9,8,181,SMALL,379,,,
130,4247,4249,71042,66948,66795,248.0,2,181,SMALL,370,,,
218,8280,8285,71185,63054,62905,259.8,5,182,SMALL,346,,,
238,9177,9178,71214,62189,62037,261.8,1,183,SMALL,339,,,
246,9564,9571,71222,61805,61658,263.0,7,182,SMALL,339,,,
286,11031,11034,71302,60420,60271,268.1,3,184,SMALL,328,,,
430,16865,16870,71529,54814,54664,288.0,5,181,SMALL,303,,,
469,18637,18640,71604,53116,52967,293.3,3,184,SMALL,288,,,
139,4598,4599,71844,67400,67246,246.7,1,188,SMALL,358,,,
148,4999,5004,71866,67020,66867,248.4,5,185,SMALL,362,,,
152,5076,5079,71869,66947,66793,248.9,3,186,SMALL,360,,,
173,5716,5719,71884,66320,66168,252.7,3,188,SMALL,352,,,
213,8062,8065,71947,64039,63885,256.6,3,186,SMALL,344,,,
361,14405,14408,72191,57939,57786,276.3,3,187,SMALL,310,,,
366,14585,14589,72194,57762,57609,276.9,4,186,SMALL,310,,,
371,14767,14771,72197,57583,57430,277.4,4,186,SMALL,309,,,
438,17240,17245,72301,55212,55061,285.7,5,187,SMALL,295,,,
487,19445,19448,72366,53073,52921,291.8,3,188,SMALL,282,,,
18,490,491,72403,72077,71913,229.9,1,189,SMALL,381,,,
78,2364,2371,72511,70304,70147,237.0,7,190,SMALL,370,,,
141,4641,4649,72588,68104,67947,244.9,8,189,SMALL,360,,,
197,6981,6982,72662,65843,65681,252.1,1,191,SMALL,344,,,
222,8438,8442,72692,64412,64254,255.4,4,192,SMALL,335,,,
254,9944,9949,72732,62945,62788,259.5,5,192,SMALL,328,,,
258,10031,10034,72742,62870,62711,259.8,3,192,SMALL,327,,,
380,15052,15055,72921,58029,57869,275.6,3,191,SMALL,303,,,
35,743,746,73143,72564,72400,229.6,3,193,SMALL,376,,,
102,3336,3340,73262,70087,69926,238.3,4,195,SMALL,359,,,
290,11490,11494,73472,62142,61982,261.0,4,196,SMALL,317,,,
349,13870,13872,73576,59869,59706,268.5,2,195,SMALL,307,,,
252,9860,9861,74075,64381,64215,253.6,1,199,SMALL,323,,,
294,11582,11584,74140,62722,62558,258.7,2,200,SMALL,313,,,
325,12932,12935,74194,61426,61262,262.2,3,199,SMALL,308,,,
420,16512,16513,74314,57967,57802,274.4,1,200,SMALL,290,,,
472,18862,18863,74393,55697,55531,280.6,1,199,SMALL,280,,,
488,19472,19473,74397,55091,54925,282.3,1,199,SMALL,277,,,
25,593,596,74440,74014,73847,225.0,3,202,LARGE,366,,,
52,1323,1331,74492,73332,73169,227.8,8,201,LARGE,365,,,
264,10285,10288,74735,64617,64450,252.8,3,202,LARGE,320,,,
434,17053,17055,74952,58068,57899,273.0,2,201,LARGE,289,,,
305,12118,12121,76002,64058,63884,251.9,3,212,LARGE,302,,,
48,1186,1191,76304,75295,75118,220.9,5,213,LARGE,353,,,
398,15595,15600,77308,61892,61713,258.1,5,219,LARGE,282,,,
443,17628,17630,77372,59926,59744,262.6,2,219,LARGE,273,,,
49,1218,1221,77494,76463,76276,217.3,3,221,LARGE,346,,,
405,15931,15935,79648,63919,63717,249.4,4,235,LARGE,272,,,
336,13474,13479,80723,67452,67249,237.5,5,244,LARGE,276,,,
330,13297,13299,82432,69351,69135,231.3,2,255,LARGE,272,,,
4,148,162,82611,82667,82463,202.5,14,259,LARGE,319,,,
93,3011,3015,82731,79937,79720,207.3,4,260,LARGE,307,,,
57,1501,1506,83790,82515,82289,201.0,5,267,LARGE,309,,,
34,730,736,84870,84370,84140,196.4,6,276,LARGE,305,,,
45,1039,1046,86522,85723,85483,193.2,7,285,LARGE,300,,,
33,726,731,87045,86563,86319,191.5,5,290,LARGE,298,,,
214,8101,8105,87234,79377,79133,206.4,4,291,LARGE,272,,,
319,12672,12677,87364,74934,74692,214.7,5,292,LARGE,256,,,
236,8984,8988,88318,79582,79334,205.1,4,299,LARGE,266,,,
324,12922,12925,89461,76793,76539,209.3,3,306,LARGE,251,,,
407,15966,15970,90058,74349,74092,215.1,4,309,LARGE,240,,,
191,6500,6502,92380,86159,85880,192.5,2,329,LARGE,262,,,
42,1003,1006,92733,92012,91730,180.0,3,334,LARGE,275,,,
196,6708,6710,93392,86970,86684,190.5,2,339,LARGE,256,,,
310,12377,12379,93514,81425,81137,198.2,2,337,LARGE,241,,,
145,4788,4789,95796,91320,91008,181.5,1,357,LARGE,255,,,
80,2467,2471,97183,95032,94716,174.6,4,369,LARGE,257,,,
274,10542,10543,97847,87623,87305,186.4,1,375,LARGE,233,,,
300,11863,11866,98352,86805,86489,186.7,3,380,LARGE,228,,,
465,18512,18515,98526,80331,80014,197.5,3,379,LARGE,212,,,
156,5162,5164,99149,94315,93987,176.2,2,386,LARGE,244,,,
391,15421,15425,99829,84735,84408,190.0,4,392,LARGE,216,,,
441,17482,17485,100334,83183,82852,191.6,3,396,LARGE,210,,,
460,18355,18360,100363,82338,82008,192.9,5,395,LARGE,208,,,
62,1719,1721,101323,99939,99604,166.1,2,408,LARGE,245,,,
94,3024,3025,102686,100012,99662,165.8,1,418,LARGE,239,,,
451,18061,18067,103011,85293,84950,186.3,6,420,LARGE,203,,,
5,157,170,103471,103655,103314,161.0,13,426,LARGE,243,,,
308,12352,12354,105021,93035,92669,173.7,2,440,LARGE,211,,,
203,7521,7522,105761,98613,98240,166.4,1,448,LARGE,220,,,
187,6239,6240,106581,100718,100342,164.5,1,456,LARGE,221,,,
408,15970,15975,107188,91597,91218,175.2,5,457,LARGE,200,,,
186,6197,6202,108610,102809,102413,161.0,5,473,LARGE,217,,,
449,18053,18057,108837,91181,90784,174.1,4,473,LARGE,192,,,
176,5748,5749,110179,104843,104431,157.8,1,489,LARGE,214,,,
82,2524,2531,111286,109175,108762,151.1,7,501,LARGE,218,,,
118,3907,3909,112091,108604,108184,151.4,2,512,LARGE,212,,,
181,6105,6109,112124,106439,106019,155.0,4,510,LARGE,208,,,
348,13859,13862,112642,99205,98783,161.6,3,514,LARGE,193,,,
401,15878,15880,113421,97971,97543,163.0,2,523,LARGE,187,,,
498,19956,19957,113483,93958,93527,166.9,1,521,LARGE,180,,,
20,530,536,113856,113761,113326,144.5,6,530,LARGE,214,,,
68,1952,1956,113896,112379,111944,146.3,4,532,LARGE,211,,,
468,18604,18605,114195,96030,95591,164.3,1,531,LARGE,181,,,
98,3198,3200,114272,111518,111074,147.1,2,533,LARGE,209,,,
282,10827,10835,114741,104352,103914,154.6,8,539,LARGE,193,,,
21,543,546,114896,114796,114353,142.9,3,544,LARGE,211,,,
216,8259,8260,115674,107871,107415,149.8,1,550,LARGE,196,,,
79,2384,2386,116572,114651,114188,142.1,2,562,LARGE,204,,,
491,19512,19513,117165,98121,97653,158.7,1,566,LARGE,173,,,
63,1857,1861,117197,115813,115340,140.3,4,569,LARGE,203,,,
355,14140,14143,117399,103733,103259,152.5,3,569,LARGE,182,,,
276,10608,10611,117643,107511,107035,148.7,3,575,LARGE,187,,,
425,16783,16785,117751,101446,100968,155.0,2,574,LARGE,176,,,
341,13672,13674,119159,105985,105487,148.1,2,594,LARGE,178,,,
247,9627,9631,119676,110553,110049,143.2,4,601,LARGE,184,,,
291,11504,11509,119715,108712,108211,145.0,5,603,LARGE,180,,,
239,9316,9317,119960,111153,110644,142.2,1,608,LARGE,182,,,
36,751,756,120130,119888,119379,133.9,5,612,LARGE,196,,,
346,13796,13799,120303,107020,106507,146.0,3,610,LARGE,175,,,
307,12200,12201,120547,108866,108347,143.7,1,615,LARGE,177,,,
131,4251,4254,120704,116976,116453,136.5,3,617,LARGE,189,,,
228,8735,8740,120756,112542,112021,140.2,5,617,LARGE,182,,,
262,10163,10164,121276,111641,111113,140.3,1,628,LARGE,177,,,
424,16699,16700,121370,105200,104671,146.4,1,627,LARGE,167,,,
442,17511,17515,121619,104637,104108,146.4,4,631,LARGE,165,,,
26,604,606,121649,121580,121045,130.5,2,636,LARGE,191,,,
179,6042,6044,122407,116913,116365,134.6,2,646,LARGE,181,,,
384,15155,15160,122954,108348,107799,140.7,5,653,LARGE,166,,,
437,17138,17140,124086,107510,106948,139.6,2,673,LARGE,159,,,
100,3326,3330,124150,121383,120824,127.5,4,679,LARGE,178,,,
90,2966,2970,124349,121943,121383,126.5,4,683,LARGE,178,,,
73,2185,2186,124963,123351,122778,124.3,1,695,LARGE,177,,,
95,3057,3060,125171,122691,122114,124.6,3,698,LARGE,175,,,
143,4691,4694,125186,121070,120495,126.2,3,700,LARGE,173,,,
313,12435,12437,125836,113988,113401,130.2,2,712,LARGE,160,,,
448,18010,18012,126081,108659,108071,134.4,2,716,LARGE,151,,,
163,5266,5274,126139,121464,120873,124.3,8,718,LARGE,169,,,
43,1023,1026,126462,126041,125439,119.4,3,726,LARGE,173,,,
211,7855,7859,126501,119246,118646,125.0,4,727,LARGE,164,,,
379,15022,15025,126575,112154,111553,130.5,3,727,LARGE,154,,,
14,407,411,126785,126984,126378,117.7,4,736,LARGE,172,,,
353,14078,14083,127048,113580,112970,127.9,5,738,LARGE,154,,,
406,15964,15965,127221,111872,111257,129.3,1,742,LARGE,150,,,
343,13749,13754,127776,114655,114027,125.1,5,760,LARGE,151,,,
389,15402,15405,128348,113594,112946,124.6,3,773,LARGE,147,,,
456,18275,18280,128772,111154,110497,125.0,5,787,LARGE,141,,,
387,15389,15390,128887,114161,113498,122.6,1,792,LARGE,144,,,
105,3412,3415,129304,126563,125892,112.2,3,805,LARGE,157,,,
132,4269,4274,129907,126323,125638,110.7,5,826,LARGE,153,,,
231,8790,8795,129937,121830,121147,113.6,5,828,LARGE,147,,,
144,4745,4749,130024,125970,125279,110.6,4,829,LARGE,152,,,
464,18462,18470,130107,112331,111645,119.8,8,830,LARGE,135,,,
194,6604,6605,130136,124230,123532,111.7,1,835,LARGE,148,,,
279,10709,10711,130740,120744,120031,111.3,2,859,LARGE,140,,,
257,9967,9969,130815,121562,120848,110.3,2,864,LARGE,140,,,
284,10930,10933,131004,120795,120074,110.1,3,871,LARGE,138,,,
344,13774,13779,131018,117963,117244,111.9,5,871,LARGE,135,,,
272,10482,10483,131082,121326,120600,109.5,1,875,LARGE,138,,,
188,6251,6255,131269,125753,125018,106.0,4,885,LARGE,142,,,
91,2985,2990,131657,129425,128672,101.0,5,910,LARGE,142,,,
261,10087,10089,131670,122339,121583,105.3,2,910,LARGE,134,,,
402,15889,15890,131694,116561,115805,109.1,1,911,LARGE,128,,,
414,16255,16258,131748,116248,115493,108.8,3,915,LARGE,127,,,
265,10291,10293,132002,122487,121711,102.5,2,939,LARGE,130,,,
397,15546,15550,132175,117414,116629,104.2,4,954,LARGE,123,,,
10,233,238,132178,132735,131945,94.3,5,958,LARGE,138,,,
64,1869,1871,132307,131243,130438,94.0,2,975,LARGE,134,,,
303,12030,12031,132397,121183,120367,98.6,1,988,LARGE,122,,,
215,8109,8110,132410,125122,124301,96.2,1,990,LARGE,126,,,
223,8439,8447,132413,124788,123974,96.4,8,990,LARGE,126,,,
32,711,716,132422,132531,131711,91.6,5,994,LARGE,133,,,
323,12894,12895,132428,120355,119534,98.2,1,998,LARGE,120,,,
