pids,instantiation times,start times,finish times,average wait times,turnaround times,average queue lengths,response times,required cpu times,process sizes,turnaround times,efficiency,average response time,average queue length
1,551,560,698,245.67645172244653,147,1.0,9,126,SMALL,2,0.795088621296171,3.034,49
0,412,413,718,245.67645172244653,306,0.0,1,159,SMALL,2,,,
2,875,876,923,245.67645172244653,48,0.0,1,45,TINY,2,,,
3,974,975,1042,245.67645172244653,68,0.0,1,64,SMALL,2,,,
11,1500,1503,1534,245.67645172244653,34,7.0,3,25,TINY,2,,,
9,1385,1387,1634,245.67645172244653,249,5.7,2,45,TINY,6,,,
12,1945,1949,2032,245.67645172244653,87,6.0,4,67,SMALL,2,,,
10,1424,1428,2381,245.67645172244653,957,5.6,4,107,SMALL,9,,,
13,2081,2083,2491,245.67645172244653,410,6.3,2,120,SMALL,4,,,
15,2494,2497,2569,245.67645172244653,75,6.0,3,58,SMALL,2,,,
16,2590,2595,2678,245.67645172244653,88,6.0,5,67,SMALL,2,,,
7,1357,1365,2786,245.67645172244653,1429,5.2,8,137,SMALL,11,,,
23,3618,3622,3884,245.67645172244653,266,11.4,4,98,SMALL,3,,,
22,3135,3137,3954,245.67645172244653,819,10.1,2,108,SMALL,8,,,
19,3051,3052,3972,245.67645172244653,921,9.5,1,110,SMALL,9,,,
21,3129,3132,4032,245.67645172244653,903,10.0,3,120,SMALL,8,,,
17,2889,2892,4060,245.67645172244653,1171,7.7,3,126,SMALL,10,,,
18,2918,2922,4107,245.67645172244653,1189,7.8,4,137,SMALL,9,,,
8,1371,1377,4256,245.67645172244653,2885,5.3,6,167,SMALL,18,,,
26,4360,4362,4404,245.67645172244653,44,7.0,2,34,TINY,2,,,
27,4422,4425,4487,245.67645172244653,65,7.0,3,50,TINY,2,,,
25,4293,4297,4571,245.67645172244653,278,6.0,4,135,SMALL,3,,,
28,4731,4732,4758,245.67645172244653,27,6.0,1,21,TINY,2,,,
29,4807,4809,5063,245.67645172244653,256,6.5,2,104,SMALL,3,,,
30,4875,4879,5161,245.67645172244653,286,6.6,4,178,SMALL,2,,,
32,5711,5712,5761,245.67645172244653,50,7.0,1,40,TINY,2,,,
31,5610,5612,5818,245.67645172244653,208,6.0,2,125,SMALL,2,,,
14,2165,2168,5962,245.67645172244653,3797,5.8,3,279,LARGE,14,,,
36,6816,6818,6839,245.67645172244653,23,8.0,2,17,TINY,2,,,
34,6588,6593,7142,245.67645172244653,554,6.4,5,174,SMALL,4,,,
33,6465,6468,7169,245.67645172244653,704,5.8,3,185,SMALL,4,,,
35,6734,6738,7193,245.67645172244653,459,6.7,4,203,LARGE,3,,,
5,1253,1265,7233,245.67645172244653,5980,4.6,12,366,LARGE,17,,,
42,8221,8224,8266,245.67645172244653,45,9.0,3,34,TINY,2,,,
41,8072,8074,8400,245.67645172244653,328,8.0,2,91,SMALL,4,,,
43,8281,8282,8580,245.67645172244653,299,8.7,1,120,SMALL,3,,,
38,7674,7679,8730,245.67645172244653,1056,6.4,5,152,SMALL,7,,,
45,8894,8896,8968,245.67645172244653,74,8.0,2,58,SMALL,2,,,
47,9133,9134,9167,245.67645172244653,34,9.0,1,19,TINY,2,,,
46,9115,9119,9405,245.67645172244653,290,8.4,4,106,SMALL,3,,,
40,8017,8019,9764,245.67645172244653,1747,7.4,2,183,SMALL,10,,,
37,7672,7674,9958,245.67645172244653,2286,6.7,2,215,LARGE,11,,,
39,7752,7754,10061,245.67645172244653,2309,6.8,2,234,LARGE,10,,,
50,10223,10227,10255,245.67645172244653,32,7.0,4,23,TINY,2,,,
51,10776,10781,10883,245.67645172244653,107,7.0,5,82,SMALL,2,,,
48,9231,9233,10893,245.67645172244653,1662,7.5,2,420,LARGE,4,,,
52,10913,10914,10946,245.67645172244653,33,6.0,1,26,TINY,2,,,
54,11206,11211,11383,245.67645172244653,177,7.0,5,74,SMALL,3,,,
53,11192,11196,11457,245.67645172244653,265,6.5,4,135,SMALL,2,,,
55,11588,11593,12284,245.67645172244653,696,6.4,5,185,SMALL,4,,,
56,11757,11758,12289,245.67645172244653,532,7.1,1,188,SMALL,3,,,
57,12023,12028,12439,245.67645172244653,416,7.2,5,304,LARGE,2,,,
58,12437,12440,12459,245.67645172244653,22,6.0,3,16,TINY,2,,,
49,9406,9411,12921,245.67645172244653,3515,6.9,5,557,LARGE,7,,,
59,12940,12942,12976,245.67645172244653,36,5.5,2,16,TINY,3,,,
61,13099,13102,13115,245.67645172244653,16,6.0,3,11,TINY,2,,,
60,12950,12952,13235,245.67645172244653,285,5.1,2,208,LARGE,2,,,
4,1180,1181,13249,245.67645172244653,12069,4.3,1,566,LARGE,22,,,
63,13484,13485,13541,245.67645172244653,57,5.0,1,45,TINY,2,,,
64,13763,13767,13876,245.67645172244653,113,5.0,4,88,SMALL,2,,,
67,14075,14077,14365,245.67645172244653,290,8.1,2,55,SMALL,6,,,
66,14067,14072,14384,245.67645172244653,317,8.0,5,59,SMALL,6,,,
68,14089,14092,14659,245.67645172244653,570,7.7,3,100,SMALL,6,,,
71,14794,14795,14953,245.67645172244653,159,8.0,1,127,SMALL,2,,,
65,14024,14027,14982,245.67645172244653,958,6.8,3,143,SMALL,7,,,
70,14506,14510,15040,245.67645172244653,534,7.4,4,162,SMALL,4,,,
69,14246,14247,15055,245.67645172244653,809,7.4,1,176,SMALL,5,,,
72,15124,15126,15330,245.67645172244653,206,5.0,2,164,SMALL,2,,,
73,15401,15406,15523,245.67645172244653,122,5.0,5,94,SMALL,2,,,
75,16064,16068,16195,245.67645172244653,131,6.0,4,102,SMALL,2,,,
76,16247,16251,16268,245.67645172244653,21,6.0,4,14,TINY,2,,,
79,16570,16574,16673,245.67645172244653,103,8.9,4,32,TINY,4,,,
87,17366,17369,17600,245.67645172244653,234,15.8,3,49,TINY,5,,,
88,17399,17404,17867,245.67645172244653,468,16.1,5,85,SMALL,6,,,
90,17972,17973,18091,245.67645172244653,119,16.0,1,95,SMALL,2,,,
91,18186,18187,18735,245.67645172244653,549,16.0,1,147,SMALL,4,,,
82,16891,16894,18753,245.67645172244653,1862,11.7,3,150,SMALL,13,,,
92,18752,18754,18821,245.67645172244653,69,15.0,2,54,SMALL,2,,,
83,17149,17154,18946,245.67645172244653,1797,13.9,5,164,SMALL,11,,,
93,19052,19057,19105,245.67645172244653,53,14.0,5,39,TINY,2,,,
86,17345,17349,19219,245.67645172244653,1874,15.1,4,187,SMALL,11,,,
80,16578,16579,19233,245.67645172244653,2655,11.3,1,191,SMALL,14,,,
85,17238,17239,19295,245.67645172244653,2057,14.3,1,197,SMALL,11,,,
96,19638,19641,19675,245.67645172244653,37,13.0,3,28,TINY,2,,,
94,19441,19446,19683,245.67645172244653,242,11.1,5,82,SMALL,3,,,
97,19717,19719,19813,245.67645172244653,96,12.0,2,76,SMALL,2,,,
98,20110,20114,20507,245.67645172244653,397,13.2,4,107,SMALL,4,,,
99,20148,20149,20510,245.67645172244653,362,13.4,1,106,SMALL,4,,,
100,20255,20259,20550,245.67645172244653,295,13.5,4,136,SMALL,3,,,
101,21084,21086,21357,245.67645172244653,273,12.9,2,109,SMALL,3,,,
102,21093,21096,21442,245.67645172244653,349,12.6,3,176,SMALL,2,,,
103,21688,21693,21707,245.67645172244653,19,12.0,5,12,TINY,2,,,
105,21993,21998,22286,245.67645172244653,293,13.0,5,139,SMALL,3,,,
104,21936,21938,22338,245.67645172244653,402,12.5,2,181,SMALL,3,,,
74,15676,15678,22370,245.67645172244653,6694,5.2,2,385,LARGE,18,,,
109,22994,22996,23022,245.67645172244653,28,14.0,2,21,TINY,2,,,
110,23098,23103,23207,245.67645172244653,109,14.0,5,84,SMALL,2,,,
106,22656,22661,23216,245.67645172244653,560,11.8,5,115,SMALL,5,,,
108,22904,22906,23234,245.67645172244653,330,12.9,2,118,SMALL,3,,,
107,22701,22706,23334,245.67645172244653,633,11.7,5,200,SMALL,4,,,
113,23600,23605,23717,245.67645172244653,117,13.7,5,46,TINY,3,,,
116,23890,23893,23934,245.67645172244653,44,15.0,3,33,TINY,2,,,
114,23623,23625,23942,245.67645172244653,319,13.8,2,82,SMALL,4,,,
112,23533,23535,24129,245.67645172244653,596,12.8,2,137,SMALL,5,,,
117,24206,24210,24971,245.67645172244653,765,14.2,4,153,SMALL,5,,,
122,25366,25367,25394,245.67645172244653,28,17.0,1,22,TINY,2,,,
123,25489,25490,25543,245.67645172244653,54,17.3,1,23,TINY,3,,,
124,25508,25510,25557,245.67645172244653,49,17.6,2,31,TINY,2,,,
128,25829,25833,25897,245.67645172244653,68,20.0,4,52,SMALL,2,,,
125,25590,25593,26052,245.67645172244653,462,17.7,3,108,SMALL,5,,,
132,27113,27118,27144,245.67645172244653,31,22.0,5,21,TINY,2,,,
126,25675,25678,27468,245.67645172244653,1793,18.8,3,231,LARGE,8,,,
134,27892,27894,27928,245.67645172244653,36,22.0,2,16,TINY,3,,,
136,28074,28079,28095,245.67645172244653,21,23.0,5,13,TINY,2,,,
137,28517,28521,28617,245.67645172244653,100,23.0,4,77,SMALL,2,,,
141,28871,28873,28937,245.67645172244653,66,26.0,2,36,TINY,2,,,
142,28936,28938,28996,245.67645172244653,60,26.0,2,39,TINY,2,,,
140,28803,28808,29045,245.67645172244653,242,25.2,5,59,SMALL,5,,,
138,28640,28643,29163,245.67645172244653,523,23.1,3,142,SMALL,4,,,
144,29656,29659,29685,245.67645172244653,29,25.0,3,21,TINY,2,,,
143,29497,29499,29697,245.67645172244653,200,24.0,2,137,SMALL,2,,,
146,29899,29903,29976,245.67645172244653,77,25.5,4,31,TINY,3,,,
147,29919,29923,30001,245.67645172244653,82,25.6,4,48,TINY,2,,,
145,29785,29788,30075,245.67645172244653,290,24.0,3,151,SMALL,2,,,
149,30674,30676,30707,245.67645172244653,33,25.0,2,25,TINY,2,,,
148,30549,30551,30789,245.67645172244653,240,24.0,2,165,SMALL,2,,,
152,31109,31110,31441,245.67645172244653,332,26.0,1,165,SMALL,3,,,
150,30811,30815,31496,245.67645172244653,685,24.7,4,192,SMALL,4,,,
154,31589,31592,31619,245.67645172244653,30,26.0,3,22,TINY,2,,,
153,31527,31532,31669,245.67645172244653,142,25.0,5,88,SMALL,2,,,
151,30941,30945,31712,245.67645172244653,771,25.0,4,250,LARGE,4,,,
156,31831,31833,31915,245.67645172244653,84,25.1,2,34,TINY,3,,,
159,32017,32021,32077,245.67645172244653,60,27.0,4,45,TINY,2,,,
160,32076,32078,32134,245.67645172244653,58,27.0,2,45,TINY,2,,,
157,31870,31873,32502,245.67645172244653,632,26.2,3,82,SMALL,8,,,
162,32220,32225,32516,245.67645172244653,296,28.9,5,83,SMALL,4,,,
163,32231,32235,33140,245.67645172244653,909,28.3,4,139,SMALL,7,,,
166,33143,33146,33204,245.67645172244653,61,29.0,3,47,TINY,2,,,
165,32932,32937,33207,245.67645172244653,275,29.0,5,138,SMALL,2,,,
158,31933,31936,33254,245.67645172244653,1321,26.7,3,149,SMALL,9,,,
164,32752,32757,33487,245.67645172244653,735,27.4,5,210,LARGE,4,,,
167,33522,33523,33567,245.67645172244653,45,26.0,1,36,TINY,2,,,
181,35283,35288,35307,245.67645172244653,24,39.0,5,16,TINY,2,,,
182,35467,35468,35544,245.67645172244653,77,39.0,1,61,SMALL,2,,,
177,34745,34748,35587,245.67645172244653,842,35.6,3,98,SMALL,9,,,
171,34253,34258,35652,245.67645172244653,1399,33.5,5,108,SMALL,13,,,
176,34557,34558,35757,245.67645172244653,1200,35.2,1,116,SMALL,11,,,
175,34422,34423,35859,245.67645172244653,1437,34.8,1,125,SMALL,12,,,
180,35218,35223,35992,245.67645172244653,774,37.0,5,142,SMALL,6,,,
170,33852,33853,36130,245.67645172244653,2278,28.4,1,162,SMALL,15,,,
183,36370,36371,36417,245.67645172244653,47,33.0,1,37,TINY,2,,,
184,36427,36428,36486,245.67645172244653,59,33.0,1,47,TINY,2,,,
172,34270,34273,36625,245.67645172244653,2355,33.4,3,207,LARGE,12,,,
185,36634,36636,36930,245.67645172244653,296,32.8,2,120,SMALL,3,,,
186,36660,36661,36952,245.67645172244653,292,32.9,1,133,SMALL,3,,,
179,34954,34958,37142,245.67645172244653,2188,34.7,4,232,LARGE,10,,,
189,37518,37523,37586,245.67645172244653,68,33.0,5,27,TINY,3,,,
190,37715,37717,37859,245.67645172244653,144,33.0,2,90,SMALL,2,,,
188,37508,37513,37987,245.67645172244653,479,32.2,5,142,SMALL,4,,,
193,38361,38363,38379,245.67645172244653,18,34.0,2,13,TINY,2,,,
194,39331,39335,39382,245.67645172244653,51,34.0,4,38,TINY,2,,,
195,39384,39388,39400,245.67645172244653,16,34.0,4,10,TINY,2,,,
196,39428,39431,39664,245.67645172244653,236,34.0,3,187,SMALL,2,,,
198,39890,39895,39961,245.67645172244653,71,35.0,5,49,TINY,2,,,
197,39832,39835,40058,245.67645172244653,226,34.0,3,129,SMALL,2,,,
199,40183,40184,40686,245.67645172244653,503,34.9,1,102,SMALL,5,,,
212,41257,41262,41476,245.67645172244653,219,47.0,5,48,TINY,5,,,
207,40987,40992,41499,245.67645172244653,512,42.9,5,50,TINY,11,,,
210,41172,41177,41932,245.67645172244653,760,45.3,5,82,SMALL,10,,,
215,41981,41983,42084,245.67645172244653,103,46.0,2,81,SMALL,2,,,
209,41052,41057,42384,245.67645172244653,1332,44.8,5,96,SMALL,14,,,
222,42670,42675,42706,245.67645172244653,36,51.0,5,25,TINY,2,,,
211,41186,41187,43139,245.67645172244653,1953,46.3,1,110,SMALL,18,,,
214,41764,41765,43612,245.67645172244653,1848,47.1,1,126,SMALL,15,,,
213,41260,41267,43689,245.67645172244653,2429,47.2,7,129,SMALL,19,,,
223,43212,43215,43796,245.67645172244653,584,49.9,3,133,SMALL,5,,,
201,40274,40279,43805,245.67645172244653,3531,38.6,5,139,SMALL,26,,,
208,41020,41022,44027,245.67645172244653,3007,45.8,2,149,SMALL,21,,,
203,40717,40722,44072,245.67645172244653,3355,40.0,5,156,SMALL,22,,,
225,44311,44313,44419,245.67645172244653,108,46.0,2,69,SMALL,2,,,
226,44425,44430,44468,245.67645172244653,43,46.0,5,31,TINY,2,,,
227,44514,44519,44568,245.67645172244653,54,46.0,5,40,TINY,2,,,
228,44607,44609,44790,245.67645172244653,183,46.0,2,145,SMALL,2,,,
224,44239,44243,44907,245.67645172244653,668,45.1,4,169,SMALL,4,,,
230,45007,45008,45036,245.67645172244653,29,46.0,1,23,TINY,2,,,
229,44909,44913,45111,245.67645172244653,202,45.0,4,136,SMALL,2,,,
231,45324,45327,45363,245.67645172244653,39,45.0,3,29,TINY,2,,,
232,45578,45579,45595,245.67645172244653,17,45.0,1,13,TINY,2,,,
234,45643,45646,46002,245.67645172244653,359,46.0,3,145,SMALL,3,,,
235,46022,46023,46126,245.67645172244653,104,46.5,1,43,TINY,3,,,
236,46050,46053,46134,245.67645172244653,84,46.8,3,46,TINY,2,,,
237,46148,46150,46412,245.67645172244653,264,46.9,2,106,SMALL,3,,,
238,46161,46165,46451,245.67645172244653,290,46.8,4,135,SMALL,3,,,
239,46508,46512,46558,245.67645172244653,50,46.0,4,37,TINY,2,,,
240,46796,46799,46840,245.67645172244653,44,46.0,3,33,TINY,2,,,
216,42106,42110,46869,245.67645172244653,4763,46.2,4,227,LARGE,21,,,
246,47754,47755,47793,245.67645172244653,39,50.0,1,31,TINY,2,,,
244,47497,47500,47931,245.67645172244653,434,48.2,3,94,SMALL,5,,,
248,48254,48257,48271,245.67645172244653,17,50.0,3,12,TINY,2,,,
249,48364,48367,48403,245.67645172244653,39,50.0,3,29,TINY,2,,,
251,48693,48694,48817,245.67645172244653,124,51.0,1,99,SMALL,2,,,
250,48479,48484,48831,245.67645172244653,352,50.0,5,159,SMALL,3,,,
245,47672,47675,48924,245.67645172244653,1252,48.8,3,174,SMALL,8,,,
254,49403,49405,49834,245.67645172244653,431,51.6,2,104,SMALL,5,,,
253,49340,49345,50059,245.67645172244653,719,51.2,5,164,SMALL,5,,,
255,49486,49490,50133,245.67645172244653,647,51.4,4,191,SMALL,4,,,
256,50303,50304,50321,245.67645172244653,18,50.0,1,14,TINY,2,,,
258,50536,50537,50554,245.67645172244653,18,51.0,1,14,TINY,2,,,
257,50394,50397,50589,245.67645172244653,195,50.0,3,140,SMALL,2,,,
259,50713,50715,50871,245.67645172244653,158,50.0,2,125,SMALL,2,,,
263,51917,51922,52041,245.67645172244653,124,53.0,5,96,SMALL,2,,,
264,52219,52222,52356,245.67645172244653,137,53.0,3,108,SMALL,2,,,
266,52541,52542,52740,245.67645172244653,199,55.4,1,55,SMALL,4,,,
265,52442,52447,52835,245.67645172244653,393,53.3,5,88,SMALL,5,,,
268,52585,52587,52885,245.67645172244653,300,55.3,2,104,SMALL,3,,,
269,52901,52906,52958,245.67645172244653,57,54.0,5,42,TINY,2,,,
270,53068,53069,53301,245.67645172244653,233,54.0,1,186,SMALL,2,,,
278,54165,54167,54181,245.67645172244653,16,61.0,2,12,TINY,2,,,
275,53976,53977,54189,245.67645172244653,213,58.9,1,54,SMALL,4,,,
277,54101,54102,54247,245.67645172244653,146,59.7,1,74,SMALL,2,,,
274,53669,53672,54349,245.67645172244653,680,57.1,3,137,SMALL,5,,,
280,54476,54480,54631,245.67645172244653,155,59.0,4,65,SMALL,3,,,
279,54460,54465,54648,245.67645172244653,188,58.7,5,81,SMALL,3,,,
281,54889,54894,55016,245.67645172244653,127,58.4,5,50,TINY,3,,,
282,54932,54934,55165,245.67645172244653,233,58.3,2,167,SMALL,2,,,
267,52555,52557,55523,245.67645172244653,2968,54.7,2,270,LARGE,11,,,
283,55660,55664,55683,245.67645172244653,23,57.0,4,16,TINY,2,,,
219,42401,42405,55787,245.67645172244653,13386,47.5,4,291,LARGE,46,,,
284,55877,55878,56096,245.67645172244653,219,56.0,1,175,SMALL,2,,,
287,56860,56862,56880,245.67645172244653,20,58.0,2,15,TINY,2,,,
290,57147,57151,57329,245.67645172244653,182,60.9,4,43,TINY,5,,,
292,57397,57400,57452,245.67645172244653,55,61.0,3,42,TINY,2,,,
288,57113,57116,57466,245.67645172244653,353,60.0,3,67,SMALL,6,,,
289,57126,57131,57531,245.67645172244653,405,59.9,5,92,SMALL,5,,,
296,57984,57987,58098,245.67645172244653,114,62.0,3,53,SMALL,3,,,
300,58496,58499,58520,245.67645172244653,24,65.0,3,17,TINY,2,,,
298,58386,58389,58564,245.67645172244653,178,63.4,3,63,SMALL,3,,,
295,57891,57897,58647,245.67645172244653,756,61.6,6,106,SMALL,8,,,
301,58812,58813,58894,245.67645172244653,82,63.0,1,65,SMALL,2,,,
293,57816,57817,58901,245.67645172244653,1085,60.6,1,141,SMALL,8,,,
297,58170,58174,58926,245.67645172244653,756,62.0,4,148,SMALL,6,,,
299,58437,58439,58930,245.67645172244653,493,63.0,2,147,SMALL,4,,,
247,48169,48172,59254,245.67645172244653,11085,49.5,3,307,LARGE,37,,,
302,59266,59270,59604,245.67645172244653,338,59.0,4,268,LARGE,2,,,
303,60161,60165,60249,245.67645172244653,88,59.0,4,68,SMALL,2,,,
286,56533,56537,60421,245.67645172244653,3888,57.1,4,325,LARGE,12,,,
304,60910,60912,61010,245.67645172244653,100,58.0,2,79,SMALL,2,,,
305,61152,61156,61309,245.67645172244653,157,58.0,4,123,SMALL,2,,,
306,61465,61470,61641,245.67645172244653,176,58.6,5,69,SMALL,3,,,
307,61507,61510,61650,245.67645172244653,143,58.9,3,75,SMALL,2,,,
271,53303,53307,61772,245.67645172244653,8469,55.9,4,341,LARGE,25,,,
310,62039,62043,62101,245.67645172244653,62,59.0,4,47,TINY,2,,,
311,62115,62117,62131,245.67645172244653,16,59.0,2,12,TINY,2,,,
308,61850,61853,62148,245.67645172244653,298,57.1,3,89,SMALL,4,,,
309,61953,61958,62220,245.67645172244653,267,57.6,5,145,SMALL,2,,,
312,62370,62371,62808,245.67645172244653,438,57.3,1,118,SMALL,4,,,
313,62489,62491,62873,245.67645172244653,384,58.1,2,144,SMALL,3,,,
314,62628,62631,62901,245.67645172244653,273,58.6,3,162,SMALL,2,,,
316,63282,63287,63469,245.67645172244653,187,58.5,5,50,TINY,4,,,
320,63617,63620,63748,245.67645172244653,131,61.0,3,79,SMALL,2,,,
317,63322,63327,63813,245.67645172244653,491,59.5,5,100,SMALL,5,,,
324,64539,64544,64735,245.67645172244653,196,64.0,5,77,SMALL,3,,,
325,64543,64549,64819,245.67645172244653,276,63.5,6,143,SMALL,2,,,
323,64042,64044,65217,245.67645172244653,1175,62.1,2,170,SMALL,7,,,
326,64848,64850,65251,245.67645172244653,403,63.0,2,175,SMALL,3,,,
315,63156,63157,65253,245.67645172244653,2097,59.0,1,177,SMALL,12,,,
321,63853,63854,65287,245.67645172244653,1434,60.8,1,183,SMALL,8,,,
327,65452,65453,65595,245.67645172244653,143,60.0,1,114,SMALL,2,,,
328,65675,65676,65792,245.67645172244653,117,60.0,1,93,SMALL,2,,,
331,65962,65963,66300,245.67645172244653,338,62.4,1,70,SMALL,5,,,
334,66496,66501,66632,245.67645172244653,136,64.6,5,53,SMALL,3,,,
337,66786,66788,66891,245.67645172244653,105,66.7,2,43,TINY,3,,,
339,67042,67047,67089,245.67645172244653,47,67.0,5,34,TINY,2,,,
330,65946,65953,67397,245.67645172244653,1451,63.3,7,138,SMALL,11,,,
340,67412,67413,67440,245.67645172244653,28,66.0,1,22,TINY,2,,,
342,67861,67866,68034,245.67645172244653,173,68.2,5,47,TINY,4,,,
343,67881,67886,68343,245.67645172244653,462,68.2,5,151,SMALL,4,,,
349,68774,68779,68825,245.67645172244653,51,72.0,5,21,TINY,3,,,
352,69337,69341,69353,245.67645172244653,16,74.0,4,10,TINY,2,,,
350,69234,69236,69572,245.67645172244653,338,72.5,2,131,SMALL,3,,,
353,69574,69578,69827,245.67645172244653,253,73.0,4,156,SMALL,2,,,
347,68738,68739,69876,245.67645172244653,1138,71.1,1,167,SMALL,7,,,
332,66117,66118,69964,245.67645172244653,3847,64.1,1,182,SMALL,22,,,
333,66414,66416,70077,245.67645172244653,3663,64.9,2,190,SMALL,20,,,
354,70312,70313,70331,245.67645172244653,19,70.0,1,15,TINY,2,,,
348,68759,68764,70333,245.67645172244653,1574,70.9,5,205,LARGE,8,,,
355,70341,70344,70487,245.67645172244653,146,69.3,3,59,SMALL,3,,,
358,71062,71063,71207,245.67645172244653,145,71.0,1,116,SMALL,2,,,
359,71237,71238,71265,245.67645172244653,28,71.0,1,22,TINY,2,,,
360,71714,71716,71809,245.67645172244653,95,71.0,2,75,SMALL,2,,,
361,71972,71975,72061,245.67645172244653,89,71.0,3,69,SMALL,2,,,
344,67908,67911,72141,245.67645172244653,4233,68.8,3,272,LARGE,16,,,
362,72224,72227,72246,245.67645172244653,22,70.0,3,16,TINY,2,,,
363,72258,72262,72385,245.67645172244653,127,70.0,4,99,SMALL,2,,,
367,72982,72986,73018,245.67645172244653,36,73.0,4,26,TINY,2,,,
364,72693,72696,73106,245.67645172244653,413,71.4,3,102,SMALL,5,,,
366,72803,72806,73244,245.67645172244653,441,71.6,3,154,SMALL,3,,,
368,73422,73425,73511,245.67645172244653,89,71.0,3,69,SMALL,2,,,
369,73810,73812,73864,245.67645172244653,54,71.0,2,42,TINY,2,,,
370,73862,73865,73887,245.67645172244653,25,71.0,3,18,TINY,2,,,
341,67717,67721,74051,245.67645172244653,6334,68.1,4,327,LARGE,20,,,
371,74147,74152,74456,245.67645172244653,309,71.0,5,124,SMALL,3,,,
372,74153,74157,74530,245.67645172244653,377,70.7,4,179,SMALL,3,,,
379,75299,75301,75329,245.67645172244653,30,76.0,2,23,TINY,2,,,
381,75475,75480,75542,245.67645172244653,67,77.0,5,50,TINY,2,,,
377,75150,75151,75647,245.67645172244653,497,75.2,1,84,SMALL,6,,,
382,75646,75648,75684,245.67645172244653,38,76.0,2,29,TINY,2,,,
383,75768,75770,75804,245.67645172244653,36,76.0,2,28,TINY,2,,,
375,75027,75031,75813,245.67645172244653,786,73.9,4,99,SMALL,8,,,
374,74935,74936,75870,245.67645172244653,935,72.2,1,109,SMALL,9,,,
384,75873,75876,75970,245.67645172244653,97,74.0,3,76,SMALL,2,,,
385,76053,76056,76087,245.67645172244653,34,74.0,3,25,TINY,2,,,
386,76311,76313,76406,245.67645172244653,95,74.1,2,39,TINY,3,,,
388,76427,76432,76445,245.67645172244653,18,75.0,5,11,TINY,2,,,
389,76494,76496,76514,245.67645172244653,20,75.0,2,15,TINY,2,,,
373,74790,74791,76682,245.67645172244653,1892,71.2,1,186,SMALL,11,,,
376,75068,75071,76724,245.67645172244653,1656,73.7,3,193,SMALL,9,,,
392,77295,77300,77499,245.67645172244653,204,75.3,5,68,SMALL,3,,,
394,77569,77570,77658,245.67645172244653,89,76.0,1,71,SMALL,2,,,
391,77249,77250,77831,245.67645172244653,582,74.9,1,142,SMALL,5,,,
395,78046,78047,78086,245.67645172244653,40,75.0,1,32,TINY,2,,,
397,78349,78352,78534,245.67645172244653,185,76.0,3,118,SMALL,2,,,
401,78951,78955,78972,245.67645172244653,21,79.0,4,14,TINY,2,,,
402,79017,79018,79111,245.67645172244653,94,80.0,1,39,TINY,3,,,
396,78232,78237,79304,245.67645172244653,1072,75.4,5,138,SMALL,8,,,
403,79017,79023,79424,245.67645172244653,407,79.1,6,160,SMALL,3,,,
399,78693,78695,79462,245.67645172244653,769,77.6,2,170,SMALL,5,,,
406,79661,79663,79852,245.67645172244653,191,79.0,2,72,SMALL,3,,,
407,79936,79938,80091,245.67645172244653,155,79.0,2,111,SMALL,2,,,
408,80095,80097,80173,245.67645172244653,78,79.0,2,61,SMALL,2,,,
409,80217,80219,80442,245.67645172244653,225,79.9,2,91,SMALL,3,,,
410,80225,80229,80586,245.67645172244653,361,79.6,4,155,SMALL,3,,,
411,80647,80652,81149,245.67645172244653,502,80.2,5,134,SMALL,4,,,
413,80725,80727,81157,245.67645172244653,432,81.0,2,134,SMALL,4,,,
414,81167,81168,81400,245.67645172244653,233,80.1,1,94,SMALL,3,,,
412,80714,80717,81538,245.67645172244653,824,80.7,3,174,SMALL,5,,,
404,79582,79583,81591,245.67645172244653,2009,78.0,1,194,SMALL,11,,,
417,82068,82072,82133,245.67645172244653,65,80.0,4,49,TINY,2,,,
415,81274,81278,82171,245.67645172244653,897,79.9,4,246,LARGE,4,,,
419,82722,82727,82913,245.67645172244653,191,80.0,5,97,SMALL,2,,,
420,82936,82939,82952,245.67645172244653,16,80.0,3,11,TINY,2,,,
422,83255,83258,83289,245.67645172244653,34,81.0,3,25,TINY,2,,,
421,83205,83208,83342,245.67645172244653,137,80.0,3,82,SMALL,2,,,
423,83549,83553,83615,245.67645172244653,66,80.0,4,50,TINY,2,,,
393,77365,77370,83655,245.67645172244653,6290,75.3,5,340,LARGE,19,,,
418,82663,82667,83723,245.67645172244653,1060,79.1,4,342,LARGE,4,,,
424,83726,83729,83768,245.67645172244653,42,78.0,3,32,TINY,2,,,
425,83982,83984,84208,245.67645172244653,226,78.0,2,180,SMALL,2,,,
426,84225,84229,84312,245.67645172244653,87,78.0,4,67,SMALL,2,,,
430,85143,85148,85200,245.67645172244653,57,81.0,5,42,TINY,2,,,
431,85263,85266,85299,245.67645172244653,36,81.0,3,27,TINY,2,,,
429,85089,85093,85311,245.67645172244653,222,80.0,4,105,SMALL,3,,,
432,85322,85327,85868,245.67645172244653,546,81.9,5,145,SMALL,4,,,
439,86759,86764,86785,245.67645172244653,26,86.0,5,17,TINY,2,,,
440,86950,86951,87024,245.67645172244653,74,86.0,1,59,SMALL,2,,,
438,86348,86349,87043,245.67645172244653,695,85.0,1,171,SMALL,5,,,
441,87113,87114,87257,245.67645172244653,144,85.3,1,59,SMALL,3,,,
442,87161,87164,87330,245.67645172244653,169,85.5,3,114,SMALL,2,,,
437,86338,86339,87657,245.67645172244653,1319,84.6,1,257,LARGE,6,,,
433,85331,85332,87781,245.67645172244653,2450,82.1,1,287,LARGE,9,,,
443,87872,87877,87968,245.67645172244653,96,83.0,5,73,SMALL,2,,,
436,86300,86304,88140,245.67645172244653,1840,84.0,4,329,LARGE,6,,,
434,85355,85357,88214,245.67645172244653,2859,82.1,2,347,LARGE,9,,,
221,42624,42625,88243,245.67645172244653,45619,49.7,1,355,LARGE,129,,,
444,88283,88284,88341,245.67645172244653,58,80.0,1,46,TINY,2,,,
445,88398,88402,88548,245.67645172244653,150,80.0,4,117,SMALL,2,,,
447,88789,88794,88855,245.67645172244653,66,81.0,5,49,TINY,2,,,
446,88601,88604,88907,245.67645172244653,306,80.0,3,193,SMALL,2,,,
448,89149,89153,89265,245.67645172244653,116,80.0,4,90,SMALL,2,,,
449,89294,89296,89460,245.67645172244653,166,80.0,2,132,SMALL,2,,,
204,40880,40882,89693,245.67645172244653,48813,48.3,2,362,LARGE,135,,,
452,89811,89814,89905,245.67645172244653,94,81.0,3,41,TINY,3,,,
456,90072,90076,90103,245.67645172244653,31,84.0,4,22,TINY,2,,,
457,90135,90139,90226,245.67645172244653,91,84.0,4,50,TINY,2,,,
459,90505,90507,90523,245.67645172244653,18,85.0,2,13,TINY,2,,,
453,89939,89941,90682,245.67645172244653,743,82.9,2,107,SMALL,7,,,
458,90371,90372,90747,245.67645172244653,376,83.9,1,116,SMALL,4,,,
460,90790,90793,90884,245.67645172244653,94,83.0,3,73,SMALL,2,,,
451,89797,89799,90889,245.67645172244653,1092,81.9,2,128,SMALL,9,,,
450,89727,89729,90918,245.67645172244653,1191,81.2,2,135,SMALL,9,,,
454,89963,89966,91012,245.67645172244653,1049,82.3,3,171,SMALL,7,,,
461,91017,91018,91155,245.67645172244653,138,80.0,1,110,SMALL,2,,,
463,91403,91406,91459,245.67645172244653,56,81.0,3,43,TINY,2,,,
465,91510,91515,91637,245.67645172244653,127,82.0,5,62,SMALL,3,,,
462,91342,91346,91761,245.67645172244653,419,80.7,4,115,SMALL,4,,,
464,91459,91460,91803,245.67645172244653,344,80.9,1,145,SMALL,3,,,
272,53452,53457,91880,245.67645172244653,38428,57.3,5,361,LARGE,107,,,
466,92010,92011,92150,245.67645172244653,140,79.0,1,112,SMALL,2,,,
427,84366,84368,92155,245.67645172244653,7789,79.2,2,364,LARGE,22,,,
467,92247,92251,92429,245.67645172244653,182,78.0,4,143,SMALL,2,,,
243,47429,47430,92854,245.67645172244653,45425,51.5,1,372,LARGE,123,,,
319,63517,63520,92908,245.67645172244653,29391,62.8,3,371,LARGE,80,,,
469,93189,93194,93248,245.67645172244653,59,77.0,5,44,TINY,2,,,
470,93265,93269,93390,245.67645172244653,125,77.0,4,81,SMALL,2,,,
472,93596,93601,93682,245.67645172244653,86,78.0,5,65,SMALL,2,,,
473,93786,93788,93842,245.67645172244653,56,78.0,2,44,TINY,2,,,
474,93962,93963,94376,245.67645172244653,414,78.4,1,167,SMALL,3,,,
476,94416,94417,94651,245.67645172244653,235,79.0,1,188,SMALL,2,,,
477,94705,94707,94890,245.67645172244653,185,79.0,2,147,SMALL,2,,,
481,95479,95481,95619,245.67645172244653,140,82.0,2,71,SMALL,2,,,
479,95346,95351,95742,245.67645172244653,396,80.9,5,122,SMALL,4,,,
475,94092,94093,96206,245.67645172244653,2114,78.7,1,307,LARGE,7,,,
220,42491,42495,96575,245.67645172244653,54084,51.1,4,375,LARGE,145,,,
482,96621,96626,96682,245.67645172244653,61,79.0,5,45,TINY,2,,,
484,96850,96853,96875,245.67645172244653,25,80.0,3,18,TINY,2,,,
485,96989,96991,97150,245.67645172244653,161,80.0,2,128,SMALL,2,,,
487,97251,97256,97298,245.67645172244653,47,81.0,5,34,TINY,2,,,
488,97420,97424,97440,245.67645172244653,20,81.0,4,13,TINY,2,,,
486,97150,97151,97489,245.67645172244653,339,80.0,1,199,SMALL,2,,,
489,98177,98180,98209,245.67645172244653,32,80.0,3,24,TINY,2,,,
490,98335,98340,98352,245.67645172244653,17,80.0,5,10,TINY,2,,,
118,24208,24215,98536,245.67645172244653,74328,25.6,7,387,LARGE,193,,,
494,98862,98867,99191,245.67645172244653,329,82.0,5,112,SMALL,3,,,
491,98626,98627,99249,245.67645172244653,623,79.2,1,130,SMALL,5,,,
495,99479,99480,99518,245.67645172244653,39,81.0,1,31,TINY,2,,,
497,99945,99949,100295,245.67645172244653,350,83.8,4,93,SMALL,4,,,
499,99986,99989,100362,245.67645172244653,376,83.8,3,117,SMALL,4,,,
496,99751,99754,100672,245.67645172244653,921,81.4,3,264,LARGE,4,,,
206,40958,40962,101031,245.67645172244653,60073,50.6,4,387,LARGE,156,,,
322,64025,64029,101808,245.67645172244653,37783,64.3,4,393,LARGE,97,,,
335,66530,66531,102853,245.67645172244653,36323,69.0,1,408,LARGE,90,,,
233,45632,45636,103125,245.67645172244653,57493,52.5,4,409,LARGE,141,,,
273,53504,53507,103493,245.67645172244653,49989,60.1,3,414,LARGE,121,,,
205,40930,40932,105847,245.67645172244653,64917,53.9,2,443,LARGE,147,,,
121,25075,25077,106460,245.67645172244653,81385,33.6,2,450,LARGE,181,,,
161,32169,32170,107554,245.67645172244653,75385,41.3,1,463,LARGE,163,,,
351,69311,69316,107696,245.67645172244653,38385,72.6,5,461,LARGE,84,,,
357,70591,70593,108045,245.67645172244653,37454,71.6,2,467,LARGE,81,,,
387,76357,76358,108063,245.67645172244653,31706,74.8,1,466,LARGE,69,,,
95,19533,19536,108503,245.67645172244653,88970,16.9,3,476,LARGE,187,,,
260,50882,50887,109291,245.67645172244653,58409,58.7,5,482,LARGE,122,,,
493,98829,98832,110403,245.67645172244653,11574,79.3,3,493,LARGE,24,,,
135,27983,27984,110797,245.67645172244653,82814,40.3,1,503,LARGE,165,,,
120,24699,24700,112632,245.67645172244653,87933,38.6,1,528,LARGE,167,,,
168,33682,33683,112671,245.67645172244653,78989,45.3,1,527,LARGE,150,,,
390,77122,77125,113125,245.67645172244653,36003,74.1,3,531,LARGE,68,,,
478,95085,95086,113468,245.67645172244653,18383,77.1,1,534,LARGE,35,,,
192,38215,38218,114178,245.67645172244653,75963,48.4,3,548,LARGE,139,,,
329,65944,65948,115391,245.67645172244653,49447,68.5,4,562,LARGE,88,,,
345,68366,68369,115685,245.67645172244653,47319,69.8,3,567,LARGE,84,,,
262,51291,51292,116199,245.67645172244653,64908,60.0,1,575,LARGE,113,,,
169,33839,33843,116671,245.67645172244653,82832,47.3,4,581,LARGE,143,,,
78,16557,16559,116869,245.67645172244653,100312,25.6,2,586,LARGE,172,,,
294,57888,57892,118089,245.67645172244653,60201,63.9,4,604,LARGE,100,,,
380,75384,75385,118409,245.67645172244653,43025,72.0,1,608,LARGE,71,,,
131,26895,26898,118829,245.67645172244653,91934,43.4,3,616,LARGE,150,,,
483,96747,96748,119823,245.67645172244653,23076,74.1,1,627,LARGE,37,,,
130,26821,26823,119905,245.67645172244653,93084,43.6,2,629,LARGE,148,,,
155,31734,31738,120958,245.67645172244653,89224,46.3,4,646,LARGE,139,,,
191,38092,38093,120980,245.67645172244653,82888,49.3,1,645,LARGE,129,,,
480,95395,95396,121120,245.67645172244653,25725,74.0,1,648,LARGE,40,,,
24,3698,3702,121150,245.67645172244653,117452,9.8,4,652,LARGE,181,,,
44,8794,8796,121388,245.67645172244653,112594,10.1,2,652,LARGE,173,,,
252,49315,49320,121501,245.67645172244653,72186,58.4,5,654,LARGE,111,,,
129,26058,26063,121670,245.67645172244653,95612,43.0,5,659,LARGE,146,,,
338,66800,66803,122662,245.67645172244653,55862,66.4,3,673,LARGE,84,,,
365,72717,72721,122895,245.67645172244653,50178,67.6,4,678,LARGE,75,,,
133,27886,27889,123658,245.67645172244653,95772,44.2,3,694,LARGE,138,,,
318,63391,63392,123947,245.67645172244653,60556,62.5,1,699,LARGE,87,,,
127,25764,25768,124487,245.67645172244653,98723,42.9,4,712,LARGE,139,,,
202,40427,40429,124522,245.67645172244653,84095,54.0,2,712,LARGE,119,,,
174,34341,34343,124895,245.67645172244653,90554,48.7,2,718,LARGE,127,,,
62,13387,13390,125609,245.67645172244653,112222,11.9,3,735,LARGE,153,,,
218,42383,42385,126048,245.67645172244653,83665,55.0,2,743,LARGE,113,,,
400,78790,78795,126828,245.67645172244653,48038,67.8,5,760,LARGE,64,,,
89,17493,17494,127078,245.67645172244653,109585,31.1,1,768,LARGE,143,,,
173,34333,34338,127441,245.67645172244653,93108,47.7,5,774,LARGE,121,,,
84,17221,17224,127583,245.67645172244653,110362,30.8,3,777,LARGE,143,,,
398,78546,78550,127837,245.67645172244653,49291,66.4,4,783,LARGE,63,,,
81,16744,16749,128832,245.67645172244653,112088,30.1,5,812,LARGE,139,,,
178,34929,34933,129304,245.67645172244653,94375,47.0,4,821,LARGE,115,,,
115,23738,23743,129436,245.67645172244653,105698,40.3,5,825,LARGE,129,,,
242,47363,47365,129609,245.67645172244653,82246,52.8,2,830,LARGE,100,,,
455,89974,89976,130211,245.67645172244653,40237,65.0,2,845,LARGE,48,,,
187,37482,37483,130784,245.67645172244653,93302,45.2,1,866,LARGE,108,,,
261,50974,50977,131177,245.67645172244653,80203,52.4,3,878,LARGE,92,,,
285,56347,56352,131184,245.67645172244653,74837,54.0,5,877,LARGE,86,,,
428,84466,84468,131221,245.67645172244653,46755,63.0,2,877,LARGE,54,,,
471,93451,93456,131456,245.67645172244653,38005,62.0,5,888,LARGE,43,,,
356,70391,70394,131743,245.67645172244653,61352,58.3,3,897,LARGE,69,,,
20,3061,3062,131880,245.67645172244653,128819,16.1,1,902,LARGE,143,,,
77,16288,16289,131888,245.67645172244653,115600,27.9,1,906,LARGE,128,,,
111,23408,23410,131892,245.67645172244653,108484,38.4,2,907,LARGE,120,,,
200,40271,40274,132161,245.67645172244653,91890,48.0,3,919,LARGE,100,,,
336,66684,66688,132183,245.67645172244653,65499,56.6,4,917,LARGE,72,,,
6,1294,1298,132300,245.67645172244653,131006,15.6,4,922,LARGE,143,,,
241,47299,47300,132390,245.67645172244653,85091,49.3,1,932,LARGE,92,,,
276,53987,53992,132460,245.67645172244653,78473,52.1,5,936,LARGE,84,,,
416,81682,81687,132604,245.67645172244653,50922,59.6,5,943,LARGE,54,,,
217,42201,42205,132694,245.67645172244653,90493,48.1,4,952,LARGE,96,,,
378,75151,75156,132757,245.67645172244653,57606,57.3,5,954,LARGE,61,,,
139,28801,28803,132836,245.67645172244653,104035,39.7,2,963,LARGE,109,,,
291,57155,57156,132880,245.67645172244653,75725,51.0,1,967,LARGE,79,,,
468,93126,93129,132897,245.67645172244653,39771,57.8,3,965,LARGE,42,,,
405,79645,79648,132951,245.67645172244653,53306,57.7,3,975,LARGE,55,,,
492,98767,98772,132983,245.67645172244653,34216,58.3,5,977,LARGE,36,,,
119,24558,24560,133013,245.67645172244653,108455,36.7,2,987,LARGE,110,,,
346,68648,68649,133017,245.67645172244653,64369,54.1,1,987,LARGE,66,,,
498,99954,99959,133027,245.67645172244653,33073,58.5,5,988,LARGE,34,,,
435,86040,86044,133038,245.67645172244653,46998,58.2,4,999,LARGE,48,,,
